0 [ 0.  0.  0.  0.  0.  0.  0.  0.  0.  0.  0.  0.  1.  0.  0.  0.  0.  0.
  0.  0.  0.  0.  0.  0.  0.  0.  0.  0.  0.  0.  0.  0.  0.  0.  0.  0.
  0.  0.  0.  0.  0.  0.  0.  0.  0.  0.  0.  0.  0.  0.  0.]
0 [ 0.  0.  0.  0.  0.  0.  0.  0.  0.  0.  0.  0.  1.  0.  0.  0.  0.  0.
  0.  0.  0.  0.  0.  0.  0.  0.  0.  0.  0.  0.  0.  0.  0.  0.  0.  0.
  0.  0.  0.  0.  0.  0.  0.  0.  0.  0.  0.  0.  0.  0.  0.]
1 [  1.08635460e-09   4.86408915e-08   9.87425135e-07   1.21082511e-05
   1.00798633e-04   6.06914245e-04   2.74921725e-03   9.62103742e-03
   2.65043613e-02   5.82700514e-02   1.03284531e-01   1.48739624e-01
   1.75052473e-01   1.69140384e-01   1.34676220e-01   8.86679384e-02
   4.84398363e-02   2.20513796e-02   8.41144067e-03   2.70828406e-03
   7.42930468e-04   1.75527524e-04   3.61272379e-05   6.54782603e-06
   1.05493954e-06   1.52291631e-07   1.98285229e-08   2.34080601e-09
   2.51603781e-10   2.47028731e-11   2.22067493e-12   1.83076783e-13
   1.38545009e-14   9.62651837e-16   6.13910654e-17   3.58959091e-18
   1.92110228e-19   9.38747557e-21   4.17466777e-22   1.68234688e-23
   6.11067797e-25   1.98683069e-26   5.73275365e-28   1.45160382e-29
   3.17912631e-31   5.90580051e-33   9.05751368e-35   1.10210022e-36
   9.98464707e-39   5.99259804e-41   1.78875745e-43]
1 [  0.00000000e+00   0.00000000e+00   0.00000000e+00   0.00000000e+00
   0.00000000e+00   0.00000000e+00   0.00000000e+00   0.00000000e+00
   0.00000000e+00   0.00000000e+00   0.00000000e+00   0.00000000e+00
   6.82554595e-01   2.61990653e-01   4.89578492e-02   5.93428476e-03
   5.24494865e-04   3.60259099e-05   2.00143944e-06   9.24185599e-08
   3.61739313e-09   1.21797748e-10   3.56781283e-12   9.17343979e-14
   2.08487268e-15   4.21186400e-17   7.59715729e-19   1.22782340e-20
   1.78282438e-22   2.33048939e-24   2.74636796e-26   2.92011480e-28
   2.80213036e-30   2.42608689e-32   1.89363991e-34   1.33062093e-36
   8.40038464e-39   4.75173272e-41   2.39986501e-43   1.07738048e-45
   4.27531935e-48   1.48913945e-50   4.51254378e-53   1.17629033e-55
   2.59912636e-58   4.77341848e-61   7.09063945e-64   8.18544236e-67
   6.89010300e-70   3.76200000e-73   1.00000000e-76]
2 [  1.07660359e-06   1.47505546e-05   1.03433414e-04   4.90017152e-04
   1.75254476e-03   5.02164846e-03   1.19592785e-02   2.42669049e-02
   4.27048885e-02   6.60449294e-02   9.06818022e-02   1.11430180e-01
   1.23334556e-01   1.23607979e-01   1.12660176e-01   9.37187105e-02
   7.13731144e-02   4.98901299e-02   3.20790205e-02   1.90096197e-02
   1.03986825e-02   5.25832807e-03   2.46100522e-03   1.06716954e-03
   4.29148493e-04   1.60167062e-04   5.55150224e-05   1.78788706e-05
   5.35202365e-06   1.48945839e-06   3.85365196e-07   9.26735124e-08
   2.07047800e-08   4.29416300e-09   8.25820549e-10   1.47033571e-10
   2.41869153e-11   3.66632826e-12   5.10405218e-13   6.49833552e-14
   7.52654892e-15   7.87783268e-16   7.38876756e-17   6.14313205e-18
   4.46384733e-19   2.78140324e-20   1.44714747e-21   6.04549499e-23
   1.90421345e-24   4.02681378e-26   4.29554196e-28]
2 [  0.00000000e+00   0.00000000e+00   0.00000000e+00   0.00000000e+00
   0.00000000e+00   0.00000000e+00   0.00000000e+00   0.00000000e+00
   0.00000000e+00   0.00000000e+00   0.00000000e+00   0.00000000e+00
   4.65880775e-01   3.59452140e-01   1.35019187e-01   3.28972369e-02
   5.84453767e-03   8.06940963e-04   9.01129358e-05   8.36414907e-06
   6.58076161e-07   4.45387056e-08   2.62251678e-09   1.35539634e-10
   6.19200809e-12   2.51445691e-13   9.11672507e-15   2.96170315e-16
   8.64434454e-18   2.27137329e-19   5.38044247e-21   1.14994501e-22
   2.21811146e-24   3.86028406e-26   6.05659023e-28   8.55466536e-30
   1.08558974e-31   1.23434467e-33   1.25310983e-35   1.13080913e-37
   9.02000225e-40   6.31526146e-42   3.84676165e-44   2.01560886e-46
   8.95234904e-49   3.30488996e-51   9.86803722e-54   2.28984145e-56
   3.87442139e-59   4.25224044e-62   2.27204487e-65]
3 [  1.89829185e-05   1.41096759e-04   6.04602652e-04   1.89218656e-03
   4.76223473e-03   1.01353827e-02   1.88130631e-02   3.10899993e-02
   4.64176844e-02   6.32934623e-02   7.94785360e-02   9.25077508e-02
   1.00321479e-01   1.01792663e-01   9.69685932e-02   8.69677765e-02
   7.36045299e-02   5.88977797e-02   4.46294956e-02   3.20646667e-02
   2.18652805e-02   1.41628326e-02   8.71898169e-03   5.10356170e-03
   2.84097010e-03   1.50405839e-03   7.57204467e-04   3.62396613e-04
   1.64806428e-04   7.11706176e-05   2.91606361e-05   1.13241107e-05
   4.16256811e-06   1.44608261e-06   4.73905767e-07   1.46183128e-07
   4.23317945e-08   1.14720267e-08   2.89862139e-09   6.79773355e-10
   1.47157842e-10   2.92101796e-11   5.27212529e-12   8.56113178e-13
   1.23363255e-13   1.54857137e-14   1.65033333e-15   1.43729985e-16
   9.61985086e-18   4.41416413e-19   1.04600458e-20]
3 [  0.00000000e+00   0.00000000e+00   0.00000000e+00   0.00000000e+00
   0.00000000e+00   0.00000000e+00   0.00000000e+00   0.00000000e+00
   0.00000000e+00   0.00000000e+00   0.00000000e+00   0.00000000e+00
   3.17989064e-01   3.69880358e-01   2.09458739e-01   7.69387665e-02
   2.06071893e-02   4.28936655e-03   7.22139895e-04   1.01050569e-04
   1.19860465e-05   1.22298236e-06   1.08563461e-07   8.45891211e-09
   5.82589320e-10   3.56662954e-11   1.94955487e-12   9.54818740e-14
   4.20140236e-15   1.66430732e-16   5.94354836e-18   1.91508336e-19
   5.56899434e-21   1.46115226e-22   3.45610719e-24   7.35944117e-26
   1.40796009e-27   2.41348086e-29   3.69385081e-31   5.02530379e-33
   6.04313731e-35   6.37866733e-37   5.85755932e-39   4.62711695e-41
   3.09830399e-43   1.72435557e-45   7.76217446e-48   2.71544390e-50
   6.92667924e-53   1.14609030e-55   9.23210484e-59]
4 [  9.47046367e-05   4.69519256e-04   1.50913175e-03   3.73237734e-03
   7.73977715e-03   1.40264991e-02   2.28051904e-02   3.38418463e-02
   4.64010828e-02   5.93159384e-02   7.11819321e-02   8.06216217e-02
   8.65498101e-02   8.83693850e-02   8.60533111e-02   8.01033732e-02
   7.14100777e-02   6.10595176e-02   5.01380023e-02   3.95756118e-02
   3.00516427e-02   2.19653275e-02   1.54599584e-02   1.04804796e-02
   6.84367784e-03   4.30428749e-03   2.60686812e-03   1.51977736e-03
   8.52419171e-04   4.59659837e-04   2.38095503e-04   1.18340827e-04
   5.63678253e-05   2.56909833e-05   1.11841233e-05   4.64059367e-06
   1.83066123e-06   6.84570200e-07   2.41808824e-07   8.03406453e-08
   2.49796932e-08   7.22283325e-09   1.92713770e-09   4.69795578e-10
   1.03302546e-10   2.01379989e-11   3.39707213e-12   4.78323627e-13
   5.30187333e-14   4.14435147e-15   1.73221964e-16]
4 [  0.00000000e+00   0.00000000e+00   0.00000000e+00   0.00000000e+00
   0.00000000e+00   0.00000000e+00   0.00000000e+00   0.00000000e+00
   0.00000000e+00   0.00000000e+00   0.00000000e+00   0.00000000e+00
   2.17044897e-01   3.38323837e-01   2.56746036e-01   1.26381765e-01
   4.53619682e-02   1.26531957e-02   2.85471223e-03   5.35320279e-04
   8.50912345e-05   1.16349090e-05   1.38407751e-06   1.44519077e-07
   1.33385039e-08   1.09430035e-09   8.01581954e-11   5.26098830e-12
   3.10223441e-13   1.64682629e-14   7.88123003e-16   3.40306168e-17
   1.32615060e-18   4.66278595e-20   1.47798880e-21   4.21757399e-23
   1.08128991e-24   2.48387421e-26   5.09447018e-28   9.28786572e-30
   1.49675254e-31   2.11714902e-33   2.60538617e-35   2.75803529e-37
   2.47484100e-39   1.84579742e-41   1.11345980e-43   5.21994483e-46
   1.78436661e-48   3.95650557e-51   4.27098068e-54]
5 [  2.63881215e-04   9.76879428e-04   2.61026825e-03   5.54687176e-03
   1.01803775e-02   1.66859838e-02   2.49935420e-02   3.47159599e-02
   4.51883595e-02   5.55466843e-02   6.48589780e-02   7.22672560e-02
   7.71154531e-02   7.90366995e-02   7.79872732e-02   7.42261256e-02
   6.82503989e-02   6.07042997e-02   5.22809264e-02   4.36343542e-02
   3.53139830e-02   2.77266355e-02   2.11258272e-02   1.56231609e-02
   1.12144248e-02   7.81260067e-03   5.28112047e-03   3.46268115e-03
   2.20110049e-03   1.35559700e-03   8.08238959e-04   4.66067409e-04
   2.59630997e-04   1.39530492e-04   7.22246143e-05   3.59400235e-05
   1.71543158e-05   7.83278371e-06   3.41061584e-06   1.41083360e-06
   5.51885619e-07   2.03003472e-07   6.97244638e-08   2.21620113e-08
   6.44325009e-09   1.68668197e-09   3.88825536e-10   7.63543105e-11
   1.20953288e-11   1.39377284e-12   8.97340640e-14]
5 [  0.00000000e+00   0.00000000e+00   0.00000000e+00   0.00000000e+00
   0.00000000e+00   0.00000000e+00   0.00000000e+00   0.00000000e+00
   0.00000000e+00   0.00000000e+00   0.00000000e+00   0.00000000e+00
   1.48144992e-01   2.90120794e-01   2.76604266e-01   1.71059976e-01
   7.71373557e-02   2.70322346e-02   7.66219012e-03   1.80514939e-03
   3.60489935e-04   6.19270192e-05   9.25521393e-06   1.21411576e-06
   1.40783222e-07   1.45107274e-08   1.33539407e-09   1.10112777e-10
   8.15743937e-12   5.44046351e-13   3.27107859e-14   1.77449860e-15
   8.68775476e-17   3.83768258e-18   1.52828228e-19   5.47903422e-21
   1.76478709e-22   5.09317539e-24   1.31240212e-25   3.00602572e-27
   6.08605165e-29   1.08154831e-30   1.67215089e-32   2.22388357e-34
   2.50708117e-36   2.34916755e-38   1.78038271e-40   1.04860905e-42
   4.50340124e-45   1.25451888e-47   1.70138223e-50]
6 [  5.33478019e-04   1.58533061e-03   3.73280302e-03   7.13576684e-03
   1.20455370e-02   1.84338229e-02   2.61176868e-02   3.46923899e-02
   4.36057484e-02   5.22123026e-02   5.98613967e-02   6.59766453e-02
   7.01243418e-02   7.20570990e-02   7.17297351e-02   6.92876101e-02
   6.50326364e-02   5.93747119e-02   5.27773857e-02   4.57058995e-02
   3.85839245e-02   3.17628406e-02   2.55048573e-02   1.99790844e-02
   1.52681025e-02   1.13817637e-02   8.27481081e-03   5.86529093e-03
   4.05145565e-03   2.72567952e-03   1.78473415e-03   1.13641020e-03
   7.02934238e-04   4.21876088e-04   2.45314562e-04   1.37973662e-04
   7.49095822e-05   3.91670528e-05   1.96663808e-05   9.45105504e-06
   4.32920130e-06   1.88069466e-06   7.69976662e-07   2.94712813e-07
   1.04356633e-07   3.37028588e-08   9.72983119e-09   2.43609113e-09
   5.03254772e-10   7.79630727e-11   7.10014273e-12]
6 [  0.00000000e+00   0.00000000e+00   0.00000000e+00   0.00000000e+00
   0.00000000e+00   0.00000000e+00   0.00000000e+00   0.00000000e+00
   0.00000000e+00   0.00000000e+00   0.00000000e+00   0.00000000e+00
   1.01117045e-01   2.38836119e-01   2.74639991e-01   2.04850516e-01
   1.11413330e-01   4.70910214e-02   1.60987754e-02   4.57442826e-03
   1.10179442e-03   2.28281835e-04   4.11491998e-05   6.51056653e-06
   9.10528074e-07   1.13191907e-07   1.25637531e-08   1.24948606e-09
   1.11642952e-10   8.98042955e-12   6.51232312e-13   4.26092978e-14
   2.51605438e-15   1.34049524e-16   6.43848305e-18   2.78399047e-19
   1.08153307e-20   3.76460895e-22   1.16998937e-23   3.23214949e-25
   7.89256440e-27   1.69165648e-28   3.15446326e-30   5.05994513e-32
   6.87995995e-34   7.77526611e-36   7.10719760e-38   5.04873270e-40
   2.61512934e-42   8.78645089e-45   1.43721563e-47]
7 [  8.86235381e-04   2.22300793e-03   4.77909951e-03   8.45133482e-03
   1.34262796e-02   1.95495860e-02   2.66088630e-02   3.42264532e-02
   4.19539586e-02   4.92993481e-02   5.57891907e-02   6.10143428e-02
   6.46695906e-02   6.65771759e-02   6.66948409e-02   6.51085150e-02
   6.20126113e-02   5.76817874e-02   5.24385888e-02   4.66211605e-02
   4.05545009e-02   3.45276919e-02   2.87783924e-02   2.34847976e-02
   1.87643836e-02   1.46781428e-02   1.12386939e-02   8.42059606e-03
   6.17135406e-03   4.42189489e-03   3.09566401e-03   2.11585561e-03
   1.41061927e-03   9.16339762e-04   5.79259057e-04   3.55800082e-04
   2.11975308e-04   1.22235305e-04   6.80535087e-05   3.64701112e-05
   1.87441417e-05   9.19767828e-06   4.28475288e-06   1.88139551e-06
   7.71330200e-07   2.91504794e-07   9.97271418e-08   3.00497188e-08
   7.62295145e-09   1.49128459e-09   1.81433366e-10]
7 [  0.00000000e+00   0.00000000e+00   0.00000000e+00   0.00000000e+00
   0.00000000e+00   0.00000000e+00   0.00000000e+00   0.00000000e+00
   0.00000000e+00   0.00000000e+00   0.00000000e+00   0.00000000e+00
   6.90179035e-02   1.91157065e-01   2.57754986e-01   2.25441214e-01
   1.43775988e-01   7.12590892e-02   2.85659025e-02   9.51798206e-03
   2.68820003e-03   6.53108477e-04   1.38047426e-04   2.56117145e-05
   4.20016318e-06   6.12267423e-07   7.96889526e-08   9.29315316e-09
   9.73679310e-10   9.18405963e-11   7.80955842e-12   5.99166972e-13
   4.14874235e-14   2.59187867e-15   1.45977494e-16   7.40155623e-18
   3.37169323e-19   1.37619848e-20   5.01529025e-22   1.62464526e-23
   4.65198381e-25   1.16919026e-26   2.55653321e-28   4.80866724e-30
   7.66686436e-32   1.01601492e-33   1.08902077e-35   9.07137467e-38
   5.50981291e-40   2.17075154e-42   4.16362410e-45]
8 [  1.29405848e-03   2.84176678e-03   5.70728210e-03   9.50857360e-03
   1.44281435e-02   2.02317459e-02   2.67162345e-02   3.35425428e-02
   4.03477207e-02   4.67485828e-02   5.23890136e-02   5.69662017e-02
   6.02552293e-02   6.21223693e-02   6.25293771e-02   6.15285706e-02
   5.92505738e-02   5.58867879e-02   5.16689957e-02   4.68484045e-02
   4.16761253e-02   3.63866136e-02   3.11850436e-02   2.62390349e-02
   2.16746600e-02   1.75762681e-02   1.39893989e-02   1.09259181e-02
   8.37048699e-03   6.28754733e-03   4.62813928e-03   3.33604075e-03
   2.35289957e-03   1.62219909e-03   1.09204194e-03   7.16845381e-04
   4.58113611e-04   2.84488387e-04   1.71286694e-04   9.97186900e-05
   5.59495338e-05   3.01318545e-05   1.54975833e-05   7.56305519e-06
   3.47243181e-06   1.48272371e-06   5.79253086e-07   2.01968206e-07
   6.03542168e-08   1.42547231e-08   2.22438392e-09]
8 [  0.00000000e+00   0.00000000e+00   0.00000000e+00   0.00000000e+00
   0.00000000e+00   0.00000000e+00   0.00000000e+00   0.00000000e+00
   0.00000000e+00   0.00000000e+00   0.00000000e+00   0.00000000e+00
   4.71084872e-02   1.49875109e-01   2.32138941e-01   2.33225484e-01
   1.70856228e-01   9.72716950e-02   4.47915335e-02   1.71433080e-02
   5.56177086e-03   1.55216753e-03   3.76862870e-04   8.03147765e-05
   1.51295054e-05   2.53338669e-06   3.78756605e-07   5.07372537e-08
   6.10634823e-09   6.61610036e-10   6.46242673e-11   5.69532858e-12
   4.52990556e-13   3.25079150e-14   2.10311061e-15   1.22490108e-16
   6.40955376e-18   3.00512526e-19   1.25799623e-20   4.68105324e-22
   1.53966059e-23   4.44502034e-25   1.11645639e-26   2.41221946e-28
   4.41785681e-30   6.72505289e-32   8.28006125e-34   7.92268254e-36
   5.52761474e-38   2.50157078e-40   5.51157799e-43]
9 [  1.72827107e-03   3.41460667e-03   6.50662164e-03   1.03424741e-02
   1.51409156e-02   2.06148609e-02   2.65870840e-02   3.27567920e-02
   3.88291817e-02   4.44998482e-02   4.94936109e-02   5.35789221e-02
   5.65840870e-02   5.84049627e-02   5.90073276e-02   5.84233867e-02
   5.67437236e-02   5.41058490e-02   5.06807513e-02   4.66587836e-02
   4.22360896e-02   3.76025312e-02   3.29318065e-02   2.83741498e-02
   2.40517304e-02   2.00566285e-02   1.64510821e-02   1.32695757e-02
   1.05222753e-02   8.19930642e-03   6.27540593e-03   4.71454310e-03
   3.47419509e-03   2.50905438e-03   1.77403937e-03   1.22656188e-03
   8.28073218e-04   5.44960788e-04   3.48899680e-04   2.16779145e-04
   1.30325784e-04   7.55361275e-05   4.20151237e-05   2.22968798e-05
   1.12030811e-05   5.27419400e-06   2.29239762e-06   8.99412304e-07
   3.07281362e-07   8.47207454e-08   1.64484613e-08]
9 [  0.00000000e+00   0.00000000e+00   0.00000000e+00   0.00000000e+00
   0.00000000e+00   0.00000000e+00   0.00000000e+00   0.00000000e+00
   0.00000000e+00   0.00000000e+00   0.00000000e+00   0.00000000e+00
   3.21541144e-02   1.15673240e-01   2.02589710e-01   2.30150212e-01
   1.90647970e-01   1.22730881e-01   6.39041838e-02   2.76562940e-02
   1.01456165e-02   3.20162114e-03   8.78983432e-04   2.11816012e-04
   4.51184382e-05   8.54273247e-06   1.44418068e-06   2.18753125e-07
   2.97697283e-08   3.64721515e-09   4.02829183e-10   4.01430228e-11
   3.61032609e-12   2.92962742e-13   2.14314416e-14   1.41142005e-15
   8.35120325e-17   4.42741093e-18   2.09571677e-19   8.81785237e-21
   3.27951959e-22   1.07059444e-23   3.04059790e-25   7.42848133e-27
   1.53837017e-28   2.64795690e-30   3.68650436e-32   3.98859051e-34
   3.14666825e-36   1.61024508e-38   4.01163246e-41]
10 [  2.16476955e-03   3.92887332e-03   7.18159911e-03   1.09905459e-02
   1.56344929e-02   2.07897475e-02   2.63109322e-02   3.19314272e-02
   3.74104353e-02   4.25018078e-02   4.69881572e-02   5.06877390e-02
   5.34657952e-02   5.52390123e-02   5.59768568e-02   5.56989858e-02
   5.44697282e-02   5.23902920e-02   4.95895626e-02   4.62143000e-02
   4.24194831e-02   3.83594226e-02   3.41801201e-02   3.00131855e-02
   2.59714694e-02   2.21464213e-02   1.86070652e-02   1.54003887e-02
   1.25528829e-02   1.00729377e-02   7.95379018e-03   6.17674411e-03
   4.71441193e-03   3.53377680e-03   2.59892394e-03   1.87334305e-03
   1.32175220e-03   9.11436596e-04   6.13129256e-04   4.01485847e-04
   2.55221622e-04   1.56985457e-04   9.30462731e-05   5.28611811e-05
   2.85862168e-05   1.45765128e-05   6.91589595e-06   2.99101794e-06
   1.14256300e-06   3.58313941e-07   8.45355366e-08]
10 [  0.00000000e+00   0.00000000e+00   0.00000000e+00   0.00000000e+00
   0.00000000e+00   0.00000000e+00   0.00000000e+00   0.00000000e+00
   0.00000000e+00   0.00000000e+00   0.00000000e+00   0.00000000e+00
   2.19469385e-02   8.81748872e-02   1.72466206e-01   2.18812750e-01
   2.02426817e-01   1.45533954e-01   8.46280602e-02   4.09028617e-02
   1.67576366e-02   5.90580201e-03   1.81077400e-03   4.87323063e-04
   1.15927602e-04   2.45134375e-05   4.62810878e-06   7.82908323e-07
   1.18988813e-07   1.62804821e-08   2.00817437e-09   2.23493647e-10
   2.24479226e-11   2.03430813e-12   1.66199742e-13   1.22239020e-14
   8.07750521e-16   4.78247428e-17   2.52819179e-18   1.18799569e-19
   4.93442883e-21   1.79897969e-22   5.70604095e-24   1.55686353e-25
   3.60069202e-27   6.92166627e-29   1.07619040e-30   1.30037445e-32
   1.14570960e-34   6.54772138e-37   1.82177175e-39]