0 [ 0.  0.  0.  0.  0.  0.  0.  0.  0.  0.  0.  0.  1.  0.  0.  0.  0.  0.
  0.  0.  0.  0.  0.  0.  0.  0.  0.  0.  0.  0.  0.  0.  0.  0.  0.  0.
  0.  0.  0.  0.  0.  0.  0.  0.  0.  0.  0.  0.  0.  0.  0.]
0 [ 0.  0.  0.  0.  0.  0.  0.  0.  0.  0.  0.  0.  1.  0.  0.  0.  0.  0.
  0.  0.  0.  0.  0.  0.  0.  0.  0.  0.  0.  0.  0.  0.  0.  0.  0.  0.
  0.  0.  0.  0.  0.  0.  0.  0.  0.  0.  0.  0.  0.  0.  0.]
1 [  2.71653558e-10   1.25362173e-08   2.63612848e-07   3.36836347e-06
   2.94259253e-05   1.87495290e-04   9.07860236e-04   3.43712542e-03
   1.03920894e-02   2.55109083e-02   5.15414051e-02   8.67045180e-02
   1.22711584e-01   1.47518965e-01   1.52010842e-01   1.35446207e-01
   1.05244706e-01   7.18961024e-02   4.35136149e-02   2.34999537e-02
   1.13988970e-02   4.99512090e-03   1.98767315e-03   7.21422819e-04
   2.39732637e-04   7.31708008e-05   2.05662969e-05   5.33441778e-06
   1.27885424e-06   2.83691078e-07   5.82711221e-08   1.10852531e-08
   1.95268690e-09   3.18294118e-10   4.79558699e-11   6.66742228e-12
   8.53526382e-13   1.00318023e-13   1.07864492e-14   1.05623545e-15
   9.36684529e-17   7.47037281e-18   5.31120246e-19   3.32877228e-20
   1.81258383e-21   8.40993617e-23   3.23623936e-24   9.92701038e-26
   2.27826705e-27   3.48144405e-29   2.65991001e-31]
1 [  0.00000000e+00   0.00000000e+00   0.00000000e+00   0.00000000e+00
   0.00000000e+00   0.00000000e+00   0.00000000e+00   0.00000000e+00
   0.00000000e+00   0.00000000e+00   0.00000000e+00   0.00000000e+00
   1.42395741e-01   2.84791483e-01   2.77296970e-01   1.75134928e-01
   8.06542433e-02   2.88657292e-02   8.35586898e-03   2.01043464e-03
   4.10022855e-04   7.19338341e-05   1.09793747e-05   1.47092101e-06
   1.74188014e-07   1.83355805e-08   1.72326884e-09   1.45117376e-10
   1.09792752e-11   7.47814407e-13   4.59184285e-14   2.54395726e-15
   1.27197863e-16   5.73824945e-18   2.33373782e-19   8.54457782e-21
   2.81071639e-22   8.28421672e-24   2.18005703e-25   5.09954861e-27
   1.05441795e-28   1.91364419e-30   3.02154345e-32   4.10396394e-34
   4.72495848e-36   4.52149137e-38   3.49960632e-40   2.10502636e-42
   9.23257176e-45   2.62662070e-47   3.63797881e-50]
2 [  7.83669311e-08   1.23058013e-06   9.91431904e-06   5.41975426e-05
   2.24887610e-04   7.52345784e-04   2.10681630e-03   5.06595558e-03
   1.06538500e-02   1.98691237e-02   3.32171664e-02   5.02112216e-02
   6.91106070e-02   8.71210371e-02   1.01078496e-01   1.08380860e-01
   1.07781343e-01   9.97135539e-02   8.60446493e-02   6.94120015e-02
   5.24481340e-02   3.71818033e-02   2.47652832e-02   1.55157031e-02
   9.15205825e-03   5.08620186e-03   2.66446796e-03   1.31610449e-03
   6.12997519e-04   2.69179736e-04   1.11394628e-04   4.34146289e-05
   1.59202035e-05   5.48603584e-06   1.77366857e-06   5.36938236e-07
   1.51826802e-07   3.99799773e-08   9.76831608e-09   2.20467083e-09
   4.57131506e-10   8.64924007e-11   1.48075531e-11   2.26927765e-12
   3.06985536e-13   3.59781010e-14   3.55877501e-15   2.85857316e-16
   1.75243662e-17   7.30909382e-19   1.56068348e-20]
2 [  0.00000000e+00   0.00000000e+00   0.00000000e+00   0.00000000e+00
   0.00000000e+00   0.00000000e+00   0.00000000e+00   0.00000000e+00
   0.00000000e+00   0.00000000e+00   0.00000000e+00   0.00000000e+00
   2.02765472e-02   8.32405620e-02   1.66365832e-01   2.15676481e-01
   2.03877006e-01   1.49773357e-01   8.89927565e-02   4.39505184e-02
   1.83989532e-02   6.62566181e-03   2.07579599e-03   5.70830828e-04
   1.38754585e-04   2.99802150e-05   5.78367820e-06   9.99727202e-07
   1.55255419e-07   2.17059067e-08   2.73578603e-09   3.11111401e-10
   3.19298543e-11   2.95670198e-12   2.46826167e-13   1.85498649e-14
   1.25250126e-15   7.57745916e-17   4.09308736e-18   1.96528664e-19
   8.34099690e-21   3.10725837e-22   1.00706158e-23   2.80764197e-25
   6.63509571e-27   1.30329254e-28   2.07057230e-30   2.55646442e-32
   2.30152614e-34   1.34400718e-36   3.82098556e-39]
3 [  4.88129927e-07   4.80964778e-06   2.65356728e-05   1.05731282e-04
   3.36548791e-04   9.02557076e-04   2.10694640e-03   4.37601488e-03
   8.21315370e-03   1.40919652e-02   2.23008421e-02   3.27789206e-02
   4.50014398e-02   5.79693261e-02   7.03301066e-02   8.06137002e-02
   8.75245161e-02   9.02084685e-02   8.84197774e-02   8.25449826e-02
   7.34868756e-02   6.24514586e-02   5.07028135e-02   3.93491759e-02
   2.92032008e-02   2.07308286e-02   1.40772933e-02   9.14297878e-03
   5.67800165e-03   3.37004865e-03   1.91037623e-03   1.03338418e-03
   5.32822715e-04   2.61509431e-04   1.21970196e-04   5.39525786e-05
   2.25797717e-05   8.91507261e-06   3.30921401e-06   1.15001435e-06
   3.72261865e-07   1.11541944e-07   3.06953293e-08   7.68113461e-09
   1.72528559e-09   3.41822073e-10   5.82925602e-11   8.25067334e-12
   9.13618373e-13   7.08480789e-14   2.91350805e-15]
3 [  0.00000000e+00   0.00000000e+00   0.00000000e+00   0.00000000e+00
   0.00000000e+00   0.00000000e+00   0.00000000e+00   0.00000000e+00
   0.00000000e+00   0.00000000e+00   0.00000000e+00   0.00000000e+00
   2.88729396e-03   1.82515369e-02   5.61689119e-02   1.12124908e-01
   1.63205576e-01   1.84615749e-01   1.68910357e-01   1.28449689e-01
   8.27998608e-02   4.59127381e-02   2.21490974e-02   9.37877724e-03
   3.51037555e-03   1.16790742e-03   3.46932697e-04   9.23400396e-05
   2.20812041e-05   4.75358597e-06   9.22556522e-07   1.61545260e-07
   2.55295210e-08   3.64016206e-09   4.67920207e-10   5.41487941e-11
   5.62980883e-12   5.24452931e-13   4.36215770e-14   3.22510372e-15
   2.10767275e-16   1.20901037e-17   6.03359453e-19   2.59017589e-20
   9.42545142e-22   2.85078399e-23   6.97397265e-25   1.32585805e-26
   1.83797933e-28   1.65269890e-30   7.23494081e-33]
4 [  9.88008509e-07   7.60619245e-06   3.48071560e-05   1.19091017e-04
   3.34474337e-04   8.09445201e-04   1.73876252e-03   3.38144018e-03
   6.03743374e-03   9.99976852e-03   1.54864287e-02   2.25646175e-02
   3.10862602e-02   4.06548926e-02   5.06390756e-02   6.02369528e-02
   6.85834226e-02   7.48796031e-02   7.85175630e-02   7.91737812e-02
   7.68523048e-02   7.18707307e-02   6.47953212e-02   5.63421125e-02
   4.72662760e-02   3.82614833e-02   2.98855877e-02   2.25207593e-02
   1.63677932e-02   1.14677465e-02   7.74048171e-03   5.02922467e-03
   3.14217538e-03   1.88543113e-03   1.08488522e-03   5.97532168e-04
   3.14340828e-04   1.57534404e-04   7.49778730e-05   3.37630742e-05
   1.43190795e-05   5.68728496e-06   2.10063693e-06   7.15073949e-07
   2.21719894e-07   6.16348975e-08   1.50213912e-08   3.10398862e-09
   5.14823771e-10   6.17707669e-11   4.11433702e-12]
4 [  0.00000000e+00   0.00000000e+00   0.00000000e+00   0.00000000e+00
   0.00000000e+00   0.00000000e+00   0.00000000e+00   0.00000000e+00
   0.00000000e+00   0.00000000e+00   0.00000000e+00   0.00000000e+00
   4.11138364e-04   3.55800423e-03   1.49903940e-02   4.09665277e-02
   8.16341862e-02   1.26420016e-01   1.58348294e-01   1.64854265e-01
   1.45481160e-01   1.10438465e-01   7.29378938e-02   4.22817958e-02
   2.16656041e-02   9.86814809e-03   4.01312319e-03   1.46230288e-03
   4.78718319e-04   1.41087542e-04   3.74861049e-05   8.98631361e-06
   1.94419596e-06   3.79514267e-07   6.67865804e-08   1.05807442e-08
   1.50602122e-09   1.92067542e-10   2.18705066e-11   2.21366136e-12
   1.98052668e-13   1.55531213e-14   1.06260945e-15   6.24506306e-17
   3.11114140e-18   1.28822558e-19   4.31437477e-21   1.12290929e-22
   2.13107281e-24   2.62338131e-26   1.57221771e-28]
5 [  1.24122320e-06   8.31373816e-06   3.43719191e-05   1.08326164e-04
   2.84588408e-04   6.52394283e-04   1.34210291e-03   2.52414947e-03
   4.39750817e-03   7.16592974e-03   1.10033402e-02   1.60130087e-02
   2.21879847e-02   2.93816806e-02   3.72968175e-02   4.54981113e-02
   5.34495958e-02   6.05723529e-02   6.63139080e-02   7.02177645e-02
   7.19811986e-02   7.14915958e-02   6.88357461e-02   6.42816328e-02
   5.82371800e-02   5.11941157e-02   4.36668992e-02   3.61363720e-02
   2.90057405e-02   2.25733348e-02   1.70231198e-02   1.24308978e-02
   8.78204763e-03   5.99572139e-03   3.95058989e-03   2.50820980e-03
   1.53149987e-03   8.97277679e-04   5.03035426e-04   2.68959796e-04
   1.36593866e-04   6.55624918e-05   2.95552730e-05   1.24132940e-05
   4.80670157e-06   1.69173862e-06   5.30392401e-07   1.43706547e-07
   3.20119848e-08   5.32833002e-09   5.19991325e-10]
5 [  0.00000000e+00   0.00000000e+00   0.00000000e+00   0.00000000e+00
   0.00000000e+00   0.00000000e+00   0.00000000e+00   0.00000000e+00
   0.00000000e+00   0.00000000e+00   0.00000000e+00   0.00000000e+00
   5.85443522e-05   6.50398863e-04   3.51773138e-03   1.23411347e-02
   3.15699807e-02   6.27616569e-02   1.00917913e-01   1.34874973e-01
   1.52796797e-01   1.48903247e-01   1.26244753e-01   9.39485011e-02
   6.17992985e-02   3.61347216e-02   1.88646112e-02   8.82427456e-03
   3.70849790e-03   1.40308173e-03   4.78564996e-04   1.47274819e-04
   4.09037640e-05   1.02500895e-05   2.31560814e-06   4.70943044e-07
   8.60517240e-08   1.40883060e-08   2.05939641e-09   2.67589214e-10
   3.07336704e-11   3.09832951e-12   2.71744042e-13   2.05021542e-14
   1.31116917e-15   6.96958969e-17   2.99646680e-18   1.00118098e-19
   2.43917250e-21   3.85462344e-23   2.96557924e-25]
6 [  1.23004040e-06   7.59744228e-06   2.96412183e-05   8.91458585e-05
   2.25544314e-04   5.01691098e-04   1.00807590e-03   1.86288816e-03
   3.20640568e-03   5.18849109e-03   7.94953312e-03   1.15965952e-02
   1.61780750e-02   2.16611672e-02   2.79166860e-02   3.47151210e-02
   4.17362525e-02   4.85924781e-02   5.48636226e-02   6.01388882e-02
   6.40601934e-02   6.63607287e-02   6.68932275e-02   6.56440651e-02
   6.27315431e-02   5.83891648e-02   5.29368933e-02   4.67449522e-02
   4.01954364e-02   3.36468117e-02   2.74054059e-02   2.17065012e-02
   1.67059303e-02   1.24814867e-02   9.04221932e-03   6.34295423e-03
   4.30119000e-03   2.81379451e-03   1.77153601e-03   1.07025088e-03
   6.18215298e-04   3.39925637e-04   1.76927962e-04   8.65518281e-05
   3.94230662e-05   1.65078185e-05   6.24100195e-06   2.07300382e-06
   5.78463007e-07   1.24256521e-07   1.66492866e-08]
6 [  0.00000000e+00   0.00000000e+00   0.00000000e+00   0.00000000e+00
   0.00000000e+00   0.00000000e+00   0.00000000e+00   0.00000000e+00
   0.00000000e+00   0.00000000e+00   0.00000000e+00   0.00000000e+00
   8.33646643e-06   1.14161384e-04   7.61104998e-04   3.29139073e-03
   1.03786560e-02   2.54333548e-02   5.04103788e-02   8.30473005e-02
   1.15971386e-01   1.39310296e-01   1.45591102e-01   1.33553047e-01
   1.08290396e-01   7.80501170e-02   5.02272214e-02   2.89609469e-02
   1.50028661e-02   6.99683468e-03   2.94172468e-03   1.11591738e-03
   3.82040378e-04   1.18009263e-04   3.28621490e-05   8.23837826e-06
   1.85556156e-06   3.74469987e-07   6.74746501e-08   1.08071641e-08
   1.53003026e-09   1.90132187e-10   2.05556171e-11   1.91166784e-12
   1.50700300e-13   9.87427115e-15   5.23298823e-16   2.15523845e-17
   6.47243506e-19   1.26080985e-20   1.19569281e-22]
7 [  1.07222245e-06   6.31283326e-06   2.38097564e-05   6.96889575e-05
   1.72563205e-04   3.77438256e-04   7.48886215e-04   1.37176732e-03
   2.34868415e-03   3.79325054e-03   5.81913191e-03   8.52548799e-03
   1.19803359e-02   1.62040109e-02   2.11552998e-02   2.67227895e-02
   3.27234929e-02   3.89099260e-02   4.49856421e-02   5.06279731e-02
   5.55155926e-02   5.93577029e-02   6.19212940e-02   6.30531075e-02
   6.26936144e-02   6.08813897e-02   5.77475512e-02   5.35012277e-02
   4.84081268e-02   4.27650297e-02   3.68733616e-02   3.10148445e-02
   2.54317023e-02   2.03130664e-02   1.57882760e-02   1.19268308e-02
   8.74397714e-03   6.21037397e-03   4.26404809e-03   2.82288469e-03
   1.79617234e-03   1.09414077e-03   6.34911792e-04   3.48741699e-04
   1.79807990e-04   8.60366202e-05   3.75940058e-05   1.46372637e-05
   4.88063024e-06   1.28543883e-06   2.26003157e-07]
7 [  0.00000000e+00   0.00000000e+00   0.00000000e+00   0.00000000e+00
   0.00000000e+00   0.00000000e+00   0.00000000e+00   0.00000000e+00
   0.00000000e+00   0.00000000e+00   0.00000000e+00   0.00000000e+00
   1.18707732e-06   1.94858334e-05   1.55720969e-04   8.07206639e-04
   3.05104885e-03   8.96219638e-03   2.12928369e-02   4.20476616e-02
   7.03833506e-02   1.01345639e-01   1.26957817e-01   1.39598636e-01
   1.35681325e-01   1.17221278e-01   9.04221457e-02   6.24958492e-02
   3.88074771e-02   2.16942955e-02   1.09332360e-02   4.97143197e-03
   2.04014713e-03   7.55389739e-04   2.52146941e-04   7.57708629e-05
   2.04568440e-05   4.94860788e-06   1.06883195e-06   2.05202805e-07
   3.48236532e-08   5.18719667e-09   6.72218331e-10   7.49367799e-11
   7.08107951e-12   5.56151566e-13   3.53297557e-14   1.74417061e-15
   6.27861856e-17   1.46604990e-18   1.66656225e-20]
8 [  8.69412537e-07   4.97582776e-06   1.84010101e-05   5.30261364e-05
   1.29739050e-04   2.81245323e-04   5.54587297e-04   1.01217554e-03
   1.73086282e-03   2.79835942e-03   4.30681764e-03   6.34374198e-03
   8.98091478e-03   1.22624592e-02   1.61935088e-02   2.07311001e-02
   2.57788236e-02   3.11864410e-02   3.67551413e-02   4.22484275e-02
   4.74078942e-02   5.19724875e-02   5.56993210e-02   5.83838513e-02
   5.98772172e-02   6.00988434e-02   5.90429474e-02   5.67782956e-02
   5.34413399e-02   4.92236155e-02   4.43548946e-02   3.90840002e-02
   3.36593369e-02   2.83110907e-02   2.32367162e-02   1.85908232e-02
   1.44799834e-02   1.09623767e-02   8.05167048e-03   5.72413377e-03
   3.92776807e-03   2.59219140e-03   1.63813559e-03   9.85651299e-04
   5.60449921e-04   2.98097767e-04   1.46196346e-04   6.46608021e-05
   2.49166267e-05   7.74674283e-06   1.72859085e-06]
8 [  0.00000000e+00   0.00000000e+00   0.00000000e+00   0.00000000e+00
   0.00000000e+00   0.00000000e+00   0.00000000e+00   0.00000000e+00
   0.00000000e+00   0.00000000e+00   0.00000000e+00   0.00000000e+00
   1.69034755e-07   3.25880603e-06   3.05864552e-05   1.86212701e-04
   8.26639704e-04   2.85183294e-03   7.95766547e-03   1.84559550e-02
   3.62833299e-02   6.13599208e-02   9.02779514e-02   1.16585878e-01
   1.33084468e-01   1.35038087e-01   1.22339628e-01   9.93084143e-02
   7.24257178e-02   4.75516372e-02   2.81456428e-02   1.50309515e-02
   7.24450950e-03   3.15036667e-03   1.23505487e-03   4.35890401e-04
   1.38215335e-04   3.92683962e-05   9.96120954e-06   2.24609678e-06
   4.47674159e-07   7.83182430e-08   1.19201878e-08   1.56066718e-09
   1.73203741e-10   1.59769356e-11   1.19201983e-12   6.91153217e-14
   2.92207928e-15   8.01344340e-17   1.06987856e-18]
9 [  6.76459198e-07   3.80858675e-06   1.39293087e-05   3.98024722e-05
   9.67919084e-05   2.08969452e-04   4.11158686e-04   7.50066477e-04
   1.28421401e-03   2.08213222e-03   3.21861994e-03   4.76902178e-03
   6.80181316e-03   9.37006078e-03   1.25025943e-02   1.61958989e-02
   2.04077984e-02   2.50539161e-02   3.00076819e-02   3.51043105e-02
   4.01487549e-02   4.49271805e-02   4.92210781e-02   5.28227900e-02
   5.55510034e-02   5.72647171e-02   5.78742997e-02   5.73485393e-02
   5.57169853e-02   5.30673721e-02   4.95384150e-02   4.53087365e-02
   4.05830538e-02   3.55769924e-02   3.05019730e-02   2.55515321e-02
   2.08902139e-02   1.66458284e-02   1.29054724e-02   9.71529135e-03
   7.08358480e-03   4.98655134e-03   3.37579104e-03   2.18657470e-03
   1.34603157e-03   7.80306020e-04   4.20563692e-04   2.06527712e-04
   8.97458703e-05   3.19959243e-05   8.83288439e-06]
9 [  0.00000000e+00   0.00000000e+00   0.00000000e+00   0.00000000e+00
   0.00000000e+00   0.00000000e+00   0.00000000e+00   0.00000000e+00
   0.00000000e+00   0.00000000e+00   0.00000000e+00   0.00000000e+00
   2.40698292e-08   5.36602923e-07   5.82399764e-06   4.10014169e-05
   2.10476371e-04   8.39670098e-04   2.70936680e-03   7.26634765e-03
   1.65190211e-02   3.23042365e-02   5.49609090e-02   8.20759053e-02
   1.08341446e-01   1.27122098e-01   1.33177069e-01   1.25010319e-01
   1.05426587e-01   8.00424428e-02   5.47852380e-02   3.38326780e-02
   1.88562970e-02   9.48213312e-03   4.29861665e-03   1.75435424e-03
   6.43270651e-04   2.11338292e-04   6.19932815e-05   1.61643608e-05
   3.72554332e-06   7.53681836e-07   1.32649535e-07   2.00830862e-08
   2.57735916e-09   2.74921486e-10   2.37189903e-11   1.59032019e-12
   7.77498851e-14   2.46561041e-15   3.80660039e-17]
10 [  5.14361554e-07   2.87016045e-06   1.04376984e-05   2.97075072e-05
   7.20700720e-05   1.55439791e-04   3.05927991e-04   5.58958573e-04
   9.59639984e-04   1.56198650e-03   2.42679620e-03   3.61806609e-03
   5.19803195e-03   7.22110328e-03   9.72715916e-03   1.27348244e-02
   1.62354442e-02   2.01884963e-02   2.45191128e-02   2.91182317e-02
   3.38456728e-02   3.85361522e-02   4.30079497e-02   4.70736553e-02
   5.05521719e-02   5.32809874e-02   5.51276524e-02   5.59994354e-02
   5.58502716e-02   5.46843531e-02   5.25560153e-02   4.95659184e-02
   4.58538622e-02   4.15888841e-02   3.69575289e-02   3.21513266e-02
   2.73545560e-02   2.27333039e-02   1.84266657e-02   1.45406859e-02
   1.11453537e-02   8.27464033e-03   5.92932527e-03   4.08198970e-03
   2.68372474e-03   1.67112678e-03   9.74456353e-04   5.22278092e-04
   2.51228906e-04   1.00400490e-04   3.36080671e-05]
10 [  0.00000000e+00   0.00000000e+00   0.00000000e+00   0.00000000e+00
   0.00000000e+00   0.00000000e+00   0.00000000e+00   0.00000000e+00
   0.00000000e+00   0.00000000e+00   0.00000000e+00   0.00000000e+00
   3.42744118e-09   8.72864308e-08   1.08221012e-06   8.70334034e-06
   5.10372362e-05   2.32589010e-04   8.57324052e-04   2.62657663e-03
   6.82110776e-03   1.52379584e-02   2.96154210e-02   5.05215174e-02
   7.61819408e-02   1.02111618e-01   1.22202547e-01   1.31036827e-01
   1.26239234e-01   1.09486668e-01   8.56053995e-02   6.03907859e-02
   3.84492095e-02   2.20868486e-02   1.14380798e-02   5.33259252e-03
   2.23363160e-03   8.38286941e-04   2.80902648e-04   8.36693595e-05
   2.20289718e-05   5.09083894e-06   1.02353746e-06   1.77021152e-07
   2.59517323e-08   3.16225430e-09   3.11659958e-10   2.38707511e-11
   1.33314678e-12   4.82946882e-14   8.51743639e-16]