0 [ 0.  0.  0.  0.  0.  0.  0.  0.  0.  0.  0.  0.  0.  0.  0.  0.  0.  0.
  0.  0.  0.  0.  0.  0.  0.  0.  0.  0.  0.  0.  0.  0.  0.  0.  0.  0.
  1.  0.  0.  0.  0.  0.  0.  0.  0.  0.  0.  0.  0.  0.  0.  0.  0.  0.
  0.  0.  0.  0.  0.  0.  0.  0.  0.  0.  0.  0.  0.  0.  0.  0.  0.  0.
  0.  0.  0.  0.  0.  0.  0.  0.  0.  0.  0.  0.  0.  0.  0.  0.  0.  0.
  0.  0.  0.  0.  0.  0.  0.  0.  0.  0.  0.  0.  0.  0.  0.  0.  0.  0.
  0.  0.  0.  0.  0.  0.  0.  0.  0.  0.  0.  0.  0.  0.  0.  0.  0.  0.
  0.  0.  0.  0.  0.  0.  0.  0.  0.  0.  0.  0.  0.  0.  0.  0.  0.  0.
  0.  0.  0.  0.  0.  0.  0.]
0 [ 0.  0.  0.  0.  0.  0.  0.  0.  0.  0.  0.  0.  0.  0.  0.  0.  0.  0.
  0.  0.  0.  0.  0.  0.  0.  0.  0.  0.  0.  0.  0.  0.  0.  0.  0.  0.
  1.  0.  0.  0.  0.  0.  0.  0.  0.  0.  0.  0.  0.  0.  0.  0.  0.  0.
  0.  0.  0.  0.  0.  0.  0.  0.  0.  0.  0.  0.  0.  0.  0.  0.  0.  0.
  0.  0.  0.  0.  0.  0.  0.  0.  0.  0.  0.  0.  0.  0.  0.  0.  0.  0.
  0.  0.  0.  0.  0.  0.  0.  0.  0.  0.  0.  0.  0.  0.  0.  0.  0.  0.
  0.  0.  0.  0.  0.  0.  0.  0.  0.  0.  0.  0.  0.  0.  0.  0.  0.  0.
  0.  0.  0.  0.  0.  0.  0.  0.  0.  0.  0.  0.  0.  0.  0.  0.  0.  0.
  0.  0.  0.  0.  0.  0.  0.]
1 [  1.39251254e-29   1.97505700e-27   1.35751736e-25   6.02904046e-24
   1.94649221e-22   4.87302743e-21   9.85431131e-20   1.65569294e-18
   2.35952479e-17   2.89741262e-16   3.10415229e-15   2.93088506e-14
   2.45920151e-13   1.84658380e-12   1.24829150e-11   7.63613308e-11
   4.24614751e-10   2.15477655e-09   1.00143997e-08   4.27595853e-08
   1.68214800e-07   6.11279480e-07   2.05677307e-06   6.42165763e-06
   1.86420734e-05   5.04125019e-05   1.27214561e-04   3.00055398e-04
   6.62527138e-04   1.37145114e-03   2.66525085e-03   4.86919659e-03
   8.37327823e-03   1.35703279e-02   2.07520974e-02   2.99788868e-02
   4.09583542e-02   5.29813206e-02   6.49569420e-02   7.55632327e-02
   8.34888608e-02   8.77045797e-02   8.76852662e-02   8.35158519e-02
   7.58523420e-02   6.57565805e-02   5.44608400e-02   4.31321660e-02
   3.26948143e-02   2.37409257e-02   1.65283462e-02   1.10417255e-02
   7.08392220e-03   4.36801169e-03   2.59060370e-03   1.47893551e-03
   8.13283817e-04   4.31104708e-04   2.20426423e-04   1.08784405e-04
   5.18516851e-05   2.38843163e-05   1.06381534e-05   4.58418762e-06
   1.91218509e-06   7.72479937e-07   3.02372523e-07   1.14734305e-07
   4.22209692e-08   1.50738928e-08   5.22340591e-09   1.75740845e-09
   5.74291654e-10   1.82336853e-10   5.62640589e-11   1.68782025e-11
   4.92351527e-12   1.39696494e-12   3.85616747e-13   1.03580379e-13
   2.70790591e-14   6.89127597e-15   1.70743291e-15   4.11932483e-16
   9.67831737e-17   2.21467919e-17   4.93625272e-18   1.07174327e-18
   2.26680933e-19   4.67075307e-20   9.37596926e-21   1.83360272e-21
   3.49340807e-22   6.48389984e-23   1.17232140e-23   2.06468376e-24
   3.54178558e-25   5.91712230e-26   9.62649396e-27   1.52488364e-27
   2.35152467e-28   3.52964774e-29   5.15582321e-30   7.32750508e-31
   1.01298442e-31   1.36183666e-32   1.77991626e-33   2.26095625e-34
   2.79033951e-35   3.34453999e-36   3.89188097e-37   4.39483222e-38
   4.81377742e-39   5.11183281e-40   5.25997564e-41   5.24154313e-42
   5.05517086e-43   4.71548306e-44   4.25128751e-45   3.70156093e-46
   3.10999325e-47   2.51915812e-48   1.96540803e-49   1.47535519e-50
   1.06437336e-51   7.37071191e-53   4.89282892e-54   3.10892215e-55
   1.88783154e-56   1.09359617e-57   6.03185584e-59   3.16094530e-60
   1.57009296e-61   7.37273315e-63   3.26317828e-64   1.35679278e-65
   5.27962868e-67   1.91439803e-68   6.43627998e-70   1.99475826e-71
   5.66015176e-73   1.45848017e-74   3.37908589e-76   6.95321583e-78
   1.25105755e-79   1.92830672e-81   2.47573988e-83   2.54210126e-85
   1.95735191e-87   1.00470642e-89   2.57883701e-92]
1 [  0.00000000e+000   0.00000000e+000   0.00000000e+000   0.00000000e+000
   0.00000000e+000   0.00000000e+000   0.00000000e+000   0.00000000e+000
   0.00000000e+000   0.00000000e+000   0.00000000e+000   0.00000000e+000
   0.00000000e+000   0.00000000e+000   0.00000000e+000   0.00000000e+000
   0.00000000e+000   0.00000000e+000   0.00000000e+000   0.00000000e+000
   0.00000000e+000   0.00000000e+000   0.00000000e+000   0.00000000e+000
   0.00000000e+000   0.00000000e+000   0.00000000e+000   0.00000000e+000
   0.00000000e+000   0.00000000e+000   0.00000000e+000   0.00000000e+000
   0.00000000e+000   0.00000000e+000   0.00000000e+000   0.00000000e+000
   2.88729396e-003   1.73237638e-002   5.15154028e-002   1.01223248e-001
   1.47839217e-001   1.71182251e-001   1.63674258e-001   1.32908420e-001
   9.35605324e-002   5.79965873e-002   3.20507456e-002   1.59486964e-002
   7.20489354e-003   2.97530017e-003   1.12971924e-003   3.96392715e-004
   1.29088417e-004   3.91661451e-005   1.11085265e-005   2.95406800e-006
   7.38516999e-007   1.73986461e-007   3.87099064e-008   8.14945398e-009
   1.62631647e-009   3.08144174e-010   5.55158532e-011   9.52318729e-012
   1.55736334e-012   2.43073043e-013   3.62477345e-014   5.16945620e-015
   7.05698790e-016   9.22923457e-017   1.15722601e-017   1.39215159e-018
   1.60789438e-019   1.78400799e-020   1.90261239e-021   1.95139733e-022
   1.92572105e-023   1.82931139e-024   1.67343022e-025   1.47474879e-026
   1.25247804e-027   1.02542062e-028   8.09542591e-030   6.16449006e-031
   4.52873721e-032   3.21049040e-033   2.19665132e-034   1.45083266e-035
   9.25126089e-037   5.69591038e-038   3.38645744e-039   1.94437748e-040
   1.07817924e-041   5.77418245e-043   2.98664609e-044   1.49199091e-045
   7.19820177e-047   3.35377822e-048   1.50891550e-049   6.55502137e-051
   2.74922771e-052   1.11304766e-053   4.34922928e-055   1.63992935e-056
   5.96568725e-058   2.09322360e-059   7.08233547e-061   2.31002788e-062
   7.26105254e-064   2.19873256e-065   6.41166680e-067   1.79976612e-068
   4.86086417e-070   1.26256212e-071   3.15214565e-073   7.56010948e-075
   1.74081468e-076   3.84585440e-078   8.14590470e-080   1.65294198e-081
   3.21060159e-083   5.96396581e-085   1.05847618e-086   1.79294211e-088
   2.89530126e-090   4.45167550e-092   6.50829752e-094   9.03407406e-096
   1.18869396e-097   1.47998116e-099   1.74017941e-101   1.92817663e-103
   2.00851732e-105   1.96165555e-107   1.79098520e-109   1.52343239e-111
   1.20270978e-113   8.77432877e-116   5.88577265e-118   3.60905834e-120
   2.00909118e-122   1.00706325e-124   4.50028265e-127   1.77089332e-129
   6.04105908e-132   1.75018612e-134   4.18704813e-137   7.94129564e-140
   1.11954356e-142   1.04289106e-145   4.81482486e-149]
2 [  4.69043452e-22   2.21053862e-20   5.25521240e-19   8.39460969e-18
   1.01275461e-16   9.83545918e-16   8.00386294e-15   5.61024763e-14
   3.45581024e-13   1.89940383e-12   9.42698012e-12   4.26569756e-11
   1.77377146e-10   6.82273225e-10   2.44116550e-09   8.16382369e-09
   2.56241142e-08   7.57596123e-08   2.11664487e-07   5.60416851e-07
   1.40970154e-06   3.37663246e-06   7.71743134e-06   1.68617578e-05
   3.52785348e-05   7.07895622e-05   1.36425862e-04   2.52849232e-04
   4.51220693e-04   7.76184246e-04   1.28836868e-03   2.06554497e-03
   3.20139723e-03   4.80087516e-03   6.97138932e-03   9.80973187e-03
   1.33855154e-02   1.77229740e-02   2.27839254e-02   2.84552667e-02
   3.45443159e-02   4.07844857e-02   4.68522413e-02   5.23942940e-02
   5.70619455e-02   6.05478859e-02   6.26199685e-02   6.31467631e-02
   6.21109940e-02   5.96090263e-02   5.58369192e-02   5.10657272e-02
   4.56102486e-02   3.97960641e-02   3.39294255e-02   2.82735151e-02
   2.30331188e-02   1.83481719e-02   1.42952698e-02   1.08952933e-02
   8.12484913e-03   5.92924925e-03   4.23512188e-03   2.96130671e-03
   2.02729711e-03   1.35903018e-03   8.92227547e-04   5.73733463e-04
   3.61394954e-04   2.23016426e-04   1.34839220e-04   7.98837152e-05
   4.63764238e-05   2.63854142e-05   1.47124591e-05   8.04053070e-06
   4.30707090e-06   2.26148298e-06   1.16394138e-06   5.87224543e-07
   2.90414114e-07   1.40790409e-07   6.69064343e-08   3.11670695e-08
   1.42313879e-08   6.36953495e-09   2.79421191e-09   1.20137876e-09
   5.06224555e-10   2.09034728e-10   8.45805628e-11   3.35320371e-11
   1.30239343e-11   4.95527941e-12   1.84664562e-12   6.73952047e-13
   2.40846093e-13   8.42645487e-14   2.88581521e-14   9.67225992e-15
   3.17200816e-15   1.01763459e-15   3.19299261e-16   9.79585274e-17
   2.93769568e-17   8.60924792e-18   2.46480355e-18   6.89149736e-19
   1.88106864e-19   5.01060841e-20   1.30195142e-20   3.29859684e-21
   8.14502741e-22   1.95915819e-22   4.58806871e-23   1.04550811e-23
   2.31685094e-24   4.98952368e-25   1.04353450e-25   2.11794711e-26
   4.16805200e-27   7.94662799e-28   1.46641370e-28   2.61645405e-29
   4.50894736e-30   7.49590937e-31   1.20059526e-31   1.85002170e-32
   2.73836810e-33   3.88689581e-34   5.28075986e-35   6.85287497e-36
   8.47487278e-37   9.96237992e-38   1.10997323e-38   1.16834440e-39
   1.15753961e-40   1.07491264e-41   9.31032011e-43   7.47892776e-44
   5.53453394e-45   3.74282666e-46   2.29059786e-47   1.25330400e-48
   6.03685997e-50   2.50837064e-51   8.74386804e-53   2.45563917e-54
   5.21074572e-56   7.42881173e-58   5.33894836e-60]
2 [  0.00000000e+000   0.00000000e+000   0.00000000e+000   0.00000000e+000
   0.00000000e+000   0.00000000e+000   0.00000000e+000   0.00000000e+000
   0.00000000e+000   0.00000000e+000   0.00000000e+000   0.00000000e+000
   0.00000000e+000   0.00000000e+000   0.00000000e+000   0.00000000e+000
   0.00000000e+000   0.00000000e+000   0.00000000e+000   0.00000000e+000
   0.00000000e+000   0.00000000e+000   0.00000000e+000   0.00000000e+000
   0.00000000e+000   0.00000000e+000   0.00000000e+000   0.00000000e+000
   0.00000000e+000   0.00000000e+000   0.00000000e+000   0.00000000e+000
   0.00000000e+000   0.00000000e+000   0.00000000e+000   0.00000000e+000
   8.33646643e-006   1.02670166e-004   6.26686177e-004   2.52757638e-003
   7.57747794e-003   1.80096290e-002   3.53457678e-002   5.89142753e-002
   8.51278639e-002   1.08315971e-001   1.22868117e-001   1.25498132e-001
   1.16372575e-001   9.86426813e-002   7.68803960e-002   5.53709224e-002
   3.70130075e-002   2.30509556e-002   1.34197853e-002   7.32521888e-003
   3.75899390e-003   1.81776436e-003   8.30147487e-004   3.58734094e-004
   1.46946826e-004   5.71505107e-005   2.11346071e-005   7.44167146e-006
   2.49798093e-006   8.00289239e-007   2.44963881e-007   7.17095589e-008
   2.00938229e-008   5.39411111e-009   1.38830023e-009   3.42817310e-010
   8.12727094e-011   1.85095143e-011   4.05190781e-012   8.53033223e-013
   1.72792395e-013   3.36922404e-014   6.32646145e-015   1.14441176e-015
   1.99501143e-016   3.35265080e-017   5.43296597e-018   8.49191121e-019
   1.28054963e-019   1.86338106e-020   2.61699223e-021   3.54788583e-022
   4.64370099e-023   5.86864004e-024   7.16194452e-025   8.44066995e-026
   9.60723266e-027   1.05610926e-027   1.12127753e-028   1.14975826e-029
   1.13861102e-030   1.08892185e-031   1.00563018e-032   8.96723389e-034
   7.71980099e-035   6.41534709e-036   5.14552517e-037   3.98247948e-038
   2.97371879e-039   2.14173653e-040   1.48743475e-041   9.95840203e-043
   6.42514628e-044   3.99362107e-045   2.39043202e-046   1.37731263e-047
   7.63556098e-049   4.07090743e-050   2.08619910e-051   1.02704286e-052
   4.85427114e-054   2.20128023e-055   9.57046030e-057   3.98622783e-058
   1.58928553e-059   6.05984707e-061   2.20759101e-062   7.67564358e-064
   2.54421200e-065   8.02960244e-067   2.40962216e-068   6.86556372e-070
   1.85427275e-071   4.73882590e-073   1.14371969e-074   2.60125780e-076
   5.56189990e-078   1.11501663e-079   2.08959247e-081   3.64841127e-083
   5.91224540e-085   8.85353114e-087   1.21903761e-088   1.53432913e-090
   1.75321542e-092   1.80386233e-094   1.65461683e-096   1.33647566e-098
   9.35820904e-101   5.56512469e-103   2.73281117e-105   1.06390792e-107
   3.07868091e-110   5.88672348e-113   5.57861242e-116]
3 [  1.26585380e-19   3.72103040e-18   5.69078492e-17   6.01002029e-16
   4.91337471e-15   3.30716887e-14   1.90452986e-13   9.63207829e-13
   4.35954801e-12   1.79110932e-11   6.75407338e-11   2.35836253e-10
   7.68046473e-10   2.34690319e-09   6.76272465e-09   1.84557780e-08
   4.78777952e-08   1.18447093e-07   2.80238663e-07   6.35662442e-07
   1.38541802e-06   2.90703060e-06   5.88307208e-06   1.15011311e-05
   2.17515136e-05   3.98496672e-05   7.08059792e-05   1.22153184e-04
   2.04818767e-04   3.34095349e-04   5.30617156e-04   8.21199683e-04
   1.23935036e-03   1.82522176e-03   2.62476875e-03   3.68789971e-03
   5.06548859e-03   6.80524109e-03   8.94657633e-03   1.15148769e-02
   1.45156455e-02   1.79292524e-02   2.17070261e-02   2.57694114e-02
   3.00067677e-02   3.42831268e-02   3.84428913e-02   4.23200781e-02
   4.57493556e-02   4.85778446e-02   5.06764964e-02   5.19498602e-02
   5.23432138e-02   5.18463228e-02   5.04934888e-02   4.83599727e-02
   4.55552797e-02   4.22141152e-02   3.84860192e-02   3.45247499e-02
   3.04784092e-02   2.64811226e-02   2.26468220e-02   1.90653933e-02
   1.58011705e-02   1.28935263e-02   1.03591415e-02   8.19545067e-03
   6.38473914e-03   4.89841774e-03   3.70108318e-03   2.75408422e-03
   2.01842632e-03   1.45695079e-03   1.03580779e-03   7.25301929e-04
   5.00223341e-04   3.39790843e-04   2.27329685e-04   1.49791981e-04
   9.72068948e-05   6.21250538e-05   3.91002656e-05   2.42334221e-05
   1.47892991e-05   8.88690801e-06   5.25766782e-06   3.06225027e-06
   1.75572104e-06   9.90823419e-07   5.50323227e-07   3.00795507e-07
   1.61772201e-07   8.55969946e-08   4.45526936e-08   2.28078612e-08
   1.14820646e-08   5.68335901e-09   2.76541080e-09   1.32250752e-09
   6.21483303e-10   2.86917220e-10   1.30099735e-10   5.79267460e-11
   2.53190911e-11   1.08607380e-11   4.57068178e-12   1.88656998e-12
   7.63459713e-13   3.02804351e-13   1.17660917e-13   4.47730759e-14
   1.66772693e-14   6.07788319e-15   2.16611538e-15   7.54536581e-16
   2.56743868e-16   8.52854698e-17   2.76388678e-17   8.73232464e-18
   2.68766541e-18   8.05197294e-19   2.34600759e-19   6.64115914e-20
   1.82473066e-20   4.86081137e-21   1.25385009e-21   3.12775441e-22
   7.53422190e-23   1.74972240e-23   3.91074828e-24   8.39582748e-25
   1.72757950e-25   3.39883873e-26   6.37613837e-27   1.13705497e-27
   1.92078210e-28   3.06125219e-29   4.58162826e-30   6.40430182e-31
   8.30712683e-32   9.92179665e-33   1.08088593e-33   1.06144649e-34
   9.25552780e-36   7.02513930e-37   4.51621455e-38   2.36273345e-39
   9.43995346e-41   2.56305410e-42   3.55113346e-44]
3 [  0.00000000e+00   0.00000000e+00   0.00000000e+00   0.00000000e+00
   0.00000000e+00   0.00000000e+00   0.00000000e+00   0.00000000e+00
   0.00000000e+00   0.00000000e+00   0.00000000e+00   0.00000000e+00
   0.00000000e+00   0.00000000e+00   0.00000000e+00   0.00000000e+00
   0.00000000e+00   0.00000000e+00   0.00000000e+00   0.00000000e+00
   0.00000000e+00   0.00000000e+00   0.00000000e+00   0.00000000e+00
   0.00000000e+00   0.00000000e+00   0.00000000e+00   0.00000000e+00
   0.00000000e+00   0.00000000e+00   0.00000000e+00   0.00000000e+00
   0.00000000e+00   0.00000000e+00   0.00000000e+00   0.00000000e+00
   2.40698292e-08   4.56459975e-07   4.29018471e-06   2.66438881e-05
   1.22994426e-04   4.50124811e-04   1.36029481e-03   3.49127130e-03
   7.76787504e-03   1.52191511e-02   2.65830353e-02   4.18090273e-02
   5.96967770e-02   7.79170579e-02   9.35084213e-02   1.03701325e-01
   1.06739303e-01   1.02359076e-01   9.17593709e-02   7.71245958e-02
   6.09412492e-02   4.53779375e-02   3.19102247e-02   2.12331631e-02
   1.33927477e-02   8.02041849e-03   4.56707906e-03   2.47618039e-03
   1.27987732e-03   6.31384094e-04   2.97588504e-04   1.34140087e-04
   5.78777366e-05   2.39241377e-05   9.48128577e-06   3.60507265e-06
   1.31602292e-06   4.61510061e-07   1.55565448e-07   5.04297680e-08
   1.57294336e-08   4.72265030e-09   1.36547640e-09   3.80340945e-10
   1.02094794e-10   2.64188533e-11   6.59219528e-12   1.58659456e-12
   3.68404026e-13   8.25461960e-14   1.78511113e-14   3.72648946e-15
   7.51038058e-16   1.46151274e-16   2.74639831e-17   4.98398728e-18
   8.73505717e-19   1.47857627e-19   2.41721586e-20   3.81659689e-21
   5.81986047e-22   8.57040487e-23   1.21873802e-23   1.67339319e-24
   2.21826302e-25   2.83853680e-26   3.50567390e-27   4.17794570e-28
   4.80370776e-29   5.32733688e-30   5.69704272e-31   5.87311690e-32
   5.83484664e-33   5.58445400e-34   5.14704182e-35   4.56647691e-36
   3.89813722e-37   3.20018316e-38   2.52526406e-39   1.91428700e-40
   1.39318872e-41   9.72811482e-43   6.51258818e-44   4.17686409e-45
   2.56423364e-46   1.50551388e-47   8.44518471e-49   4.52139836e-50
   2.30769658e-51   1.12146801e-52   5.18214106e-54   2.27354692e-55
   9.45515758e-57   3.72077446e-58   1.38276898e-59   4.84262522e-61
   1.59436616e-62   4.92168350e-64   1.42023879e-65   3.81830836e-67
   9.52767861e-69   2.19694206e-70   4.65786208e-72   9.02725037e-74
   1.58832611e-75   2.51637416e-77   3.55415778e-79   4.42046294e-81
   4.76614093e-83   4.36431887e-85   3.30003568e-87   1.97824688e-89
   8.81472084e-92   2.59528440e-94   3.78708407e-97]
4 [  1.11992700e-18   2.56577662e-17   3.12653198e-16   2.67863972e-15
   1.80391890e-14   1.01371437e-13   4.93254216e-13   2.13080496e-12
   8.32019964e-12   2.97640249e-11   9.85722167e-11   3.04743176e-10
   8.85454990e-10   2.43154055e-09   6.34043152e-09   1.57620400e-08
   3.74845589e-08   8.55325098e-08   1.87749654e-07   3.97367059e-07
   8.12553794e-07   1.60822611e-06   3.08590418e-06   5.74901661e-06
   1.04125048e-05   1.83564708e-05   3.15334074e-05   5.28366058e-05
   8.64330001e-05   1.38156436e-04   2.15946886e-04   3.30307712e-04
   4.94737529e-04   7.26077241e-04   1.04469869e-03   1.47445211e-03
   2.04228823e-03   2.77748074e-03   3.71039719e-03   4.87080281e-03
   6.28573015e-03   7.97700379e-03   9.95856949e-03   1.22338309e-02
   1.47932391e-02   1.76123993e-02   2.06509529e-02   2.38524539e-02
   2.71453908e-02   3.04454111e-02   3.36586940e-02   3.66863030e-02
   3.94292413e-02   4.17938484e-02   4.36971268e-02   4.50715723e-02
   4.58691196e-02   4.60638827e-02   4.56534775e-02   4.46588405e-02
   4.31225873e-02   4.11060818e-02   3.86854880e-02   3.59471464e-02
   3.29826557e-02   2.98840307e-02   2.67392747e-02   2.36286348e-02
   2.06217270e-02   1.77756255e-02   1.51339236e-02   1.27266942e-02
   1.05712189e-02   8.67331734e-03   7.02908528e-03   5.62685688e-03
   4.44921981e-03   3.47494258e-03   2.68070725e-03   2.04257822e-03
   1.53717196e-03   1.14252276e-03   8.38662825e-04   6.07951236e-04
   4.35195900e-04   3.07615729e-04   2.14689115e-04   1.47930013e-04
   1.00626249e-04   6.75671717e-05   4.47803135e-05   2.92900099e-05
   1.89052948e-05   1.20399820e-05   7.56466622e-06   4.68828931e-06
   2.86572666e-06   1.72735483e-06   1.02655206e-06   6.01387594e-07
   3.47230980e-07   1.97553248e-07   1.10727941e-07   6.11276049e-08
   3.32290691e-08   1.77822428e-08   9.36531436e-09   4.85286313e-09
   2.47330673e-09   1.23941855e-09   6.10470559e-10   2.95430232e-10
   1.40415404e-10   6.55177284e-11   2.99977995e-11   1.34708566e-11
   5.92994138e-12   2.55748511e-12   1.08000078e-12   4.46277366e-13
   1.80325053e-13   7.11959189e-14   2.74443985e-14   1.03198937e-14
   3.78191019e-15   1.34932878e-15   4.68178205e-16   1.57783909e-16
   5.15813390e-17   1.63328899e-17   5.00114535e-18   1.47819107e-18
   4.20896879e-19   1.15193997e-19   3.02269865e-20   7.58273783e-21
   1.81260266e-21   4.11329304e-22   8.82243718e-23   1.77939086e-23
   3.35421809e-24   5.86622980e-25   9.43333852e-26   1.37917285e-26
   1.80692300e-27   2.08114228e-28   2.05202226e-29   1.66596625e-30
   1.04633362e-31   4.53059595e-33   1.01747476e-34]
4 [  0.00000000e+00   0.00000000e+00   0.00000000e+00   0.00000000e+00
   0.00000000e+00   0.00000000e+00   0.00000000e+00   0.00000000e+00
   0.00000000e+00   0.00000000e+00   0.00000000e+00   0.00000000e+00
   0.00000000e+00   0.00000000e+00   0.00000000e+00   0.00000000e+00
   0.00000000e+00   0.00000000e+00   0.00000000e+00   0.00000000e+00
   0.00000000e+00   0.00000000e+00   0.00000000e+00   0.00000000e+00
   0.00000000e+00   0.00000000e+00   0.00000000e+00   0.00000000e+00
   0.00000000e+00   0.00000000e+00   0.00000000e+00   0.00000000e+00
   0.00000000e+00   0.00000000e+00   0.00000000e+00   0.00000000e+00
   6.94966726e-11   1.80427912e-09   2.32159805e-08   1.97387051e-07
   1.24743092e-06   6.24991408e-06   2.58573584e-05   9.08541417e-05
   2.76740920e-04   7.42286559e-04   1.77498937e-03   3.82182916e-03
   7.47071396e-03   1.33491554e-02   2.19321893e-02   3.32985703e-02
   4.69219075e-02   6.16009873e-02   7.55999942e-02   8.69909862e-02
   9.41028386e-02   9.59281663e-02   9.23509294e-02   8.41271394e-02
   7.26442313e-02   5.95577789e-02   4.64290729e-02   3.44622620e-02
   2.43859602e-02   1.64693013e-02   1.06269272e-02   6.55783005e-03
   3.87367456e-03   2.19208759e-03   1.18932039e-03   6.19092679e-04
   3.09396302e-04   1.48539808e-04   6.85464308e-05   3.04206641e-05
   1.29898706e-05   5.33933963e-06   2.11346946e-06   8.05925462e-07
   2.96166143e-07   1.04919399e-07   3.58411482e-08   1.18093999e-08
   3.75401717e-09   1.15153985e-09   3.40923692e-10   9.74320500e-11
   2.68827632e-11   7.16183953e-12   1.84244919e-12   4.57740081e-13
   1.09829191e-13   2.54510547e-14   5.69622987e-15   1.23128441e-15
   2.57042349e-16   5.18207227e-17   1.00884049e-17   1.89635727e-18
   3.44147978e-19   6.02888125e-20   1.01935096e-20   1.66312552e-21
   2.61787457e-22   3.97459091e-23   5.81891173e-24   8.21241631e-25
   1.11697069e-25   1.46353484e-26   1.84667327e-27   2.24297096e-28
   2.62125653e-29   2.94603062e-30   3.18257933e-31   3.30285500e-32
   3.29080710e-33   3.14580055e-34   2.88314265e-35   2.53147053e-36
   2.12760080e-37   1.71012294e-38   1.31329333e-39   9.62576775e-41
   6.72591432e-42   4.47475778e-43   2.83075245e-44   1.70022579e-45
   9.68013623e-47   5.21502100e-48   2.65327560e-49   1.27210691e-50
   5.73377757e-52   2.42312865e-53   9.57269402e-55   3.52333409e-56
   1.20359381e-57   3.79945641e-59   1.10280698e-60   2.92602740e-62
   7.04810871e-64   1.52868553e-65   2.95589947e-67   5.03304402e-69
   7.42916276e-71   9.31321192e-73   9.64076873e-75   7.91195006e-77
   4.82638130e-79   1.94539610e-81   3.88631546e-84]
5 [  2.33122472e-18   4.64121435e-17   4.98556417e-16   3.80726821e-15
   2.30642896e-14   1.17511117e-13   5.22019963e-13   2.07166773e-12
   7.47373686e-12   2.48312089e-11   7.67500004e-11   2.22462989e-10
   6.08638041e-10   1.58020794e-09   3.91091158e-09   9.26210651e-09
   2.10587966e-08   4.60980845e-08   9.73946705e-08   1.99039135e-07
   3.94214199e-07   7.57991581e-07   1.41711295e-06   2.57961550e-06
   4.57783631e-06   7.92892063e-06   1.34173232e-05   2.22037418e-05
   3.59642432e-05   5.70618023e-05   8.87498900e-05   1.35403970e-04
   2.02771826e-04   2.98227681e-04   4.31008531e-04   6.12404563e-04
   8.55869841e-04   1.17701566e-03   1.59344806e-03   2.12441405e-03
   2.79022884e-03   3.61146922e-03   4.60793560e-03   5.79740725e-03
   7.19423873e-03   8.80787022e-03   1.06413462e-02   1.26899533e-02
   1.49400986e-02   1.73685451e-02   1.99421144e-02   2.26179371e-02
   2.53442996e-02   2.80620963e-02   3.07068432e-02   3.32111675e-02
   3.55076408e-02   3.75317910e-02   3.92251037e-02   4.05378206e-02
   4.14313468e-02   4.18801072e-02   4.18727300e-02   4.14124818e-02
   4.05169369e-02   3.92169140e-02   3.75547678e-02   3.55821636e-02
   3.33574921e-02   3.09431004e-02   2.84025143e-02   2.57978162e-02
   2.31873191e-02   2.06236441e-02   1.81522718e-02   1.58105998e-02
   1.36274994e-02   1.16233357e-02   9.81038627e-03   8.19357986e-03
   6.77146538e-03   5.53732120e-03   4.48032048e-03   3.58667878e-03
   2.84072442e-03   2.22584815e-03   1.72530429e-03   1.32285070e-03
   1.00322733e-03   7.52483238e-04   5.58169199e-04   4.09417136e-04
   2.96929716e-04   2.12903065e-04   1.50903899e-04   1.05719583e-04
   7.31963258e-05   5.00772565e-05   3.38488296e-05   2.26010634e-05
   1.49046538e-05   9.70607594e-06   6.24036834e-06   3.96033742e-06
   2.48035956e-06   1.53269832e-06   9.34224098e-07   5.61543977e-07
   3.32761868e-07   1.94344120e-07   1.11830435e-07   6.33801297e-08
   3.53667240e-08   1.94231128e-08   1.04941566e-08   5.57559379e-09
   2.91169882e-09   1.49381164e-09   7.52498642e-10   3.71984705e-10
   1.80336534e-10   8.56821258e-11   3.98684874e-11   1.81535407e-11
   8.08192707e-12   3.51469663e-12   1.49156009e-12   6.17010935e-13
   2.48494221e-13   9.73037180e-14   3.69903937e-14   1.36295088e-14
   4.85853777e-15   1.67213080e-15   5.54324953e-16   1.76539264e-16
   5.38504002e-17   1.56781229e-17   4.33905307e-18   1.13610499e-18
   2.79830114e-19   6.43926847e-20   1.37268525e-20   2.68214583e-21
   4.73826986e-22   7.43109220e-23   1.00865898e-23   1.14127866e-24
   1.01321295e-25   6.30512703e-27   2.07624321e-28]
5 [  0.00000000e+00   0.00000000e+00   0.00000000e+00   0.00000000e+00
   0.00000000e+00   0.00000000e+00   0.00000000e+00   0.00000000e+00
   0.00000000e+00   0.00000000e+00   0.00000000e+00   0.00000000e+00
   0.00000000e+00   0.00000000e+00   0.00000000e+00   0.00000000e+00
   0.00000000e+00   0.00000000e+00   0.00000000e+00   0.00000000e+00
   0.00000000e+00   0.00000000e+00   0.00000000e+00   0.00000000e+00
   0.00000000e+00   0.00000000e+00   0.00000000e+00   0.00000000e+00
   0.00000000e+00   0.00000000e+00   0.00000000e+00   0.00000000e+00
   0.00000000e+00   0.00000000e+00   0.00000000e+00   0.00000000e+00
   2.00657323e-13   6.68761153e-12   1.10466516e-10   1.20569816e-09
   9.78166435e-09   6.29139002e-08   3.34143509e-07   1.50719663e-06
   5.89352158e-06   2.02931472e-05   6.22945247e-05   1.72187533e-04
   4.32084665e-04   9.91144201e-04   2.09045756e-03   4.07437752e-03
   7.37034217e-03   1.24215553e-02   1.95697996e-02   2.89078093e-02
   4.01439371e-02   5.25339061e-02   6.49248767e-02   7.59245622e-02
   8.41634673e-02   8.85803295e-02   8.86472203e-02   8.44685816e-02
   7.67304234e-02   6.65241325e-02   5.51046265e-02   4.36532745e-02
   3.31021432e-02   2.40473485e-02   1.67488298e-02   1.11922547e-02
   7.18047786e-03   4.42544959e-03   2.62165596e-03   1.49360533e-03
   8.18744318e-04   4.32023463e-04   2.19529089e-04   1.07465061e-04
   5.06972184e-05   2.30558337e-05   1.01107474e-05   4.27666751e-06
   1.74522017e-06   6.87241302e-07   2.61194349e-07   9.58263057e-08
   3.39416635e-08   1.16080726e-08   3.83360499e-09   1.22266391e-09
   3.76601678e-10   1.12033154e-10   3.21887858e-11   8.93206309e-12
   2.39372576e-12   6.19511667e-13   1.54826338e-13   3.73610271e-14
   8.70402603e-15   1.95743794e-15   4.24865353e-16   8.89874831e-17
   1.79816293e-17   3.50468471e-18   6.58680185e-19   1.19338369e-19
   2.08366180e-20   3.50481284e-21   5.67712086e-22   8.85193141e-23
   1.32800658e-23   1.91603867e-24   2.65718972e-25   3.54004795e-26
   4.52791612e-27   5.55652718e-28   6.53754517e-29   7.36881682e-30
   7.95044321e-31   8.20360688e-32   8.08752357e-33   7.60966450e-34
   6.82586624e-35   5.82978162e-36   4.73435650e-37   3.65041280e-38
   2.66804506e-39   1.84520262e-40   1.20516546e-41   7.41761415e-43
   4.29198088e-44   2.32846504e-45   1.18087448e-46   5.57955674e-48
   2.44682061e-49   9.91562201e-51   3.69465861e-52   1.25843129e-53
   3.89134760e-55   1.08348249e-56   2.68948864e-58   5.87877848e-60
   1.11396758e-61   1.79270354e-63   2.38230283e-65   2.50983489e-67
   1.96543894e-69   1.01700311e-71   2.60812619e-74]
6 [  2.36465171e-18   4.33849944e-17   4.33333394e-16   3.09762561e-15
   1.76619517e-14   8.50923343e-14   3.58919791e-13   1.35748034e-12
   4.68293378e-12   1.49243719e-11   4.43765848e-11   1.24077556e-10
   3.28301089e-10   8.26356308e-10   1.98739762e-09   4.58396870e-09
   1.01724265e-08   2.17787909e-08   4.50938038e-08   9.04888373e-08
   1.76312621e-07   3.34124082e-07   6.16761990e-07   1.11044449e-06
   1.95241846e-06   3.35601489e-06   5.64527103e-06   9.30149522e-06
   1.50242007e-05   2.38086315e-05   3.70415538e-05   5.66159926e-05
   8.50640984e-05   1.25705278e-04   1.82804159e-04   2.61729958e-04
   3.69105577e-04   5.12931523e-04   7.02666899e-04   9.49247636e-04
   1.26502134e-03   1.66357891e-03   2.15946608e-03   2.76776289e-03
   3.50352687e-03   4.38110479e-03   5.41332926e-03   6.61062809e-03
   7.98008666e-03   9.52451390e-03   1.12415711e-02   1.31230275e-02
   1.51542078e-02   1.73136909e-02   1.95733105e-02   2.18984932e-02
   2.42489501e-02   2.65797157e-02   2.88425046e-02   3.09873332e-02
   3.29643317e-02   3.47256569e-02   3.62274019e-02   3.74313998e-02
   3.83068159e-02   3.88314394e-02   3.89925983e-02   3.87876481e-02
   3.82240073e-02   3.73187451e-02   3.60977486e-02   3.45945277e-02
   3.28487295e-02   3.09044541e-02   2.88084662e-02   2.66084018e-02
   2.43510604e-02   2.20808635e-02   1.98385431e-02   1.76601061e-02
   1.55760989e-02   1.36111794e-02   1.17839814e-02   1.01072460e-02
   8.58817849e-03   7.22898469e-03   6.02753472e-03   4.97810431e-03
   4.07214529e-03   3.29904376e-03   2.64683137e-03   2.10282404e-03
   1.65417045e-03   1.28830138e-03   9.93277741e-04   7.58041290e-04
   5.72576462e-04   4.27994923e-04   3.16556024e-04   2.31636962e-04
   1.67665942e-04   1.20030517e-04   8.49716212e-05   5.94719703e-05
   4.11455282e-05   2.81329417e-05   1.90061600e-05   1.26840736e-05
   8.35988125e-06   5.44005460e-06   3.49418161e-06   2.21460309e-06
   1.38457006e-06   8.53598229e-07   5.18743042e-07   3.10628152e-07
   1.83204654e-07   1.06375969e-07   6.07787227e-08   3.41534351e-08
   1.88646275e-08   1.02359928e-08   5.45249171e-09   2.84927839e-09
   1.45953473e-09   7.32265564e-10   3.59499818e-10   1.72531257e-10
   8.08529323e-11   3.69532762e-11   1.64494986e-11   7.12102315e-12
   2.99290449e-12   1.21894649e-12   4.80055741e-13   1.82372949e-13
   6.66474482e-14   2.33542396e-14   7.81770538e-15   2.48888295e-15
   7.49632304e-16   2.12241903e-16   5.60432554e-17   1.36647568e-17
   3.03718792e-18   6.04845175e-19   1.05352839e-19   1.54851583e-20
   1.81207832e-21   1.51335850e-22   6.84764273e-24]
6 [  0.00000000e+00   0.00000000e+00   0.00000000e+00   0.00000000e+00
   0.00000000e+00   0.00000000e+00   0.00000000e+00   0.00000000e+00
   0.00000000e+00   0.00000000e+00   0.00000000e+00   0.00000000e+00
   0.00000000e+00   0.00000000e+00   0.00000000e+00   0.00000000e+00
   0.00000000e+00   0.00000000e+00   0.00000000e+00   0.00000000e+00
   0.00000000e+00   0.00000000e+00   0.00000000e+00   0.00000000e+00
   0.00000000e+00   0.00000000e+00   0.00000000e+00   0.00000000e+00
   0.00000000e+00   0.00000000e+00   0.00000000e+00   0.00000000e+00
   0.00000000e+00   0.00000000e+00   0.00000000e+00   0.00000000e+00
   5.79356678e-16   2.38015089e-14   4.84625832e-13   6.52014042e-12
   6.52038978e-11   5.16951572e-10   3.38437695e-09   1.88173328e-08
   9.06996222e-08   3.84966071e-07   1.45668409e-06   4.96317572e-06
   1.53521516e-05   4.34089911e-05   1.12856519e-04   2.71137142e-04
   6.04585667e-04   1.25599706e-03   2.43916665e-03   4.44132677e-03
   7.60256178e-03   1.22637175e-02   1.86825446e-02   2.69308239e-02
   3.67987793e-02   4.77407826e-02   5.88924761e-02   6.91723203e-02
   7.74545948e-02   8.27753949e-02   8.45186504e-02   8.25322656e-02
   7.71445949e-02   6.90810670e-02   5.93087485e-02   4.88533471e-02
   3.86342545e-02   2.93507387e-02   2.14328432e-02   1.50515904e-02
   1.01703825e-02   6.61513590e-03   4.14348682e-03   2.50025108e-03
   1.45392806e-03   8.15045896e-04   4.40582198e-04   2.29716199e-04
   1.15552357e-04   5.60893343e-05   2.62770894e-05   1.18833990e-05
   5.18837676e-06   2.18726270e-06   8.90411260e-07   3.50052212e-07
   1.32907789e-07   4.87368203e-08   1.72606710e-08   5.90401309e-09
   1.95034918e-09   6.22199873e-10   1.91675992e-10   5.70143445e-11
   1.63729886e-11   4.53877055e-12   1.21435033e-12   3.13519133e-13
   7.80920127e-14   1.87615614e-14   4.34647388e-15   9.70699985e-16
   2.08917396e-16   4.33166294e-17   8.64889080e-18   1.66231285e-18
   3.07409581e-19   5.46718654e-20   9.34597543e-21   1.53480663e-21
   2.41983272e-22   3.66043639e-23   5.30868031e-24   7.37585007e-25
   9.80952796e-26   1.24768243e-26   1.51620257e-27   1.75852938e-28
   1.94439431e-29   2.04701632e-30   2.04914375e-31   1.94758264e-32
   1.75464606e-33   1.49583221e-34   1.20428130e-35   9.13667030e-37
   6.51664320e-38   4.35791079e-39   2.72429920e-40   1.58669412e-41
   8.57705297e-43   4.28448252e-44   1.96786444e-45   8.26214515e-47
   3.14924021e-48   1.08086165e-49   3.30719936e-51   8.91087202e-53
   2.08136435e-54   4.12882510e-56   6.76328092e-58   8.78310471e-60
   8.47822453e-62   5.40766883e-64   1.70945966e-66]
7 [  1.62633746e-18   2.84325139e-17   2.72093108e-16   1.87115439e-15
   1.02977892e-14   4.80232813e-14   1.96563079e-13   7.23039082e-13
   2.43090790e-12   7.56488452e-12   2.20037314e-11   6.02848690e-11
   1.56552222e-10   3.87340933e-10   9.17042854e-10   2.08516694e-09
   4.56785415e-09   9.66685251e-09   1.98102542e-08   3.93942591e-08
   7.61579330e-08   1.43367213e-07   2.63193420e-07   4.71806796e-07
   8.26865907e-07   1.41826365e-06   2.38317922e-06   3.92666490e-06
   6.34914111e-06   1.00822498e-05   1.57344841e-05   2.41478248e-05
   3.64662300e-05   5.42161928e-05   7.93986814e-05   1.14590591e-04
   1.63052381e-04   2.28836889e-04   3.16892514e-04   4.33152145e-04
   5.84597549e-04   7.79287668e-04   1.02633854e-03   1.33584270e-03
   1.71871681e-03   2.18646883e-03   2.75087898e-03   3.42359360e-03
   4.21563664e-03   5.13684962e-03   6.19527798e-03   7.39652806e-03
   8.74312533e-03   1.02339090e-02   1.18635016e-02   1.36218921e-02
   1.54941706e-02   1.74604471e-02   1.94959791e-02   2.15715251e-02
   2.36539260e-02   2.57069067e-02   2.76920745e-02   2.95700778e-02
   3.13018793e-02   3.28500854e-02   3.41802713e-02   3.52622349e-02
   3.60711188e-02   3.65883416e-02   3.68022910e-02   3.67087445e-02
   3.63109953e-02   3.56196807e-02   3.46523236e-02   3.34326141e-02
   3.19894708e-02   3.03559334e-02   2.85679427e-02   2.66630703e-02
   2.46792573e-02   2.26536194e-02   2.06213672e-02   1.86148822e-02
   1.66629771e-02   1.47903579e-02   1.30172912e-02   1.13594738e-02
   9.82808558e-03   8.43000517e-03   7.16815775e-03   6.04196400e-03
   5.04785663e-03   4.17983269e-03   3.43001226e-03   2.78917825e-03
   2.24727671e-03   1.79386257e-03   1.41848065e-03   1.11097696e-03
   8.61739759e-04   6.61873191e-04   5.03309401e-04   3.78866780e-04
   2.82263194e-04   2.08093398e-04   1.51779640e-04   1.09503792e-04
   7.81283199e-05   5.51122791e-05   3.84272054e-05   2.64766090e-05
   1.80216126e-05   1.21143085e-05   8.03959024e-06   5.26557667e-06
   3.40228020e-06   2.16785183e-06   1.36155288e-06   8.42520148e-07
   5.13388772e-07   3.07889175e-07   1.81621173e-07   1.05313164e-07
   5.99844426e-08   3.35353281e-08   1.83870348e-08   9.87798197e-09
   5.19438890e-09   2.67071207e-09   1.34094265e-09   6.56579297e-10
   3.13033186e-10   1.45067047e-10   6.52187536e-11   2.83813762e-11
   1.19245113e-11   4.82289734e-12   1.87125572e-12   6.93650427e-13
   2.44459018e-13   8.14232557e-14   2.54434471e-14   7.39017089e-15
   1.97127548e-15   4.75139857e-16   1.01158068e-16   1.83881369e-17
   2.69983660e-18   2.88251663e-19   1.71283866e-20]
7 [  0.00000000e+00   0.00000000e+00   0.00000000e+00   0.00000000e+00
   0.00000000e+00   0.00000000e+00   0.00000000e+00   0.00000000e+00
   0.00000000e+00   0.00000000e+00   0.00000000e+00   0.00000000e+00
   0.00000000e+00   0.00000000e+00   0.00000000e+00   0.00000000e+00
   0.00000000e+00   0.00000000e+00   0.00000000e+00   0.00000000e+00
   0.00000000e+00   0.00000000e+00   0.00000000e+00   0.00000000e+00
   0.00000000e+00   0.00000000e+00   0.00000000e+00   0.00000000e+00
   0.00000000e+00   0.00000000e+00   0.00000000e+00   0.00000000e+00
   0.00000000e+00   0.00000000e+00   0.00000000e+00   0.00000000e+00
   1.67277304e-18   8.23755362e-17   2.01049540e-15   3.24232269e-14
   3.88665153e-13   3.69364088e-12   2.89858672e-11   1.93182773e-10
   1.11613973e-09   5.67856116e-09   2.57563305e-08   1.05191591e-07
   3.90025845e-07   1.32192431e-06   4.11961195e-06   1.18637349e-05
   3.17097652e-05   7.89635316e-05   1.83815519e-04   4.01195626e-04
   8.23201554e-04   1.59173631e-03   2.90661676e-03   5.02231730e-03
   8.22603740e-03   1.27923273e-02   1.89157081e-02   2.66316390e-02
   3.57450162e-02   4.57901783e-02   5.60436468e-02   6.55994748e-02
   7.34995802e-02   7.88934874e-02   8.11902050e-02   8.01644769e-02
   7.59911359e-02   6.92009724e-02   6.05725292e-02   5.09895379e-02
   4.12989234e-02   3.21990439e-02   2.41753588e-02   1.74861158e-02
   1.21886444e-02   8.19025294e-03   5.30694951e-03   3.31674737e-03
   1.99987265e-03   1.16360768e-03   6.53440899e-04   3.54219523e-04
   1.85381368e-04   9.36781455e-05   4.57120546e-05   2.15414873e-05
   9.80383634e-06   4.30928853e-06   1.82940060e-06   7.50068998e-07
   2.97008608e-07   1.13576726e-07   4.19401430e-08   1.49537144e-08
   5.14749185e-09   1.71044336e-09   5.48551270e-10   1.69761828e-10
   5.06856908e-11   1.45965592e-11   4.05341760e-12   1.08510574e-12
   2.79939641e-13   6.95740386e-14   1.66515909e-14   3.83628482e-15
   8.50390188e-16   1.81287347e-16   3.71476204e-17   7.31244799e-18
   1.38196559e-18   2.50580638e-19   4.35616158e-20   7.25491367e-21
   1.15656765e-21   1.76331439e-22   2.56853613e-23   3.57092592e-24
   4.73280178e-25   5.97252586e-26   7.16657947e-27   8.16466091e-28
   8.81727820e-29   9.01012173e-30   8.69517810e-31   7.90753740e-32
   6.76051849e-33   5.41922470e-34   4.06084475e-35   2.83502934e-36
   1.83698326e-37   1.09993809e-38   6.05574816e-40   3.04767189e-41
   1.39246388e-42   5.72863328e-44   2.10108706e-45   6.78588725e-47
   1.89992872e-48   4.51771096e-50   8.87058258e-52   1.38084693e-53
   1.59773649e-55   1.22155517e-57   4.62875952e-60]
8 [  8.98387687e-19   1.52640403e-17   1.42444148e-16   9.57621967e-16
   5.16265879e-15   2.36259859e-14   9.50445609e-14   3.44104564e-13
   1.14016809e-12   3.50110396e-12   1.00600775e-11   2.72577597e-11
   7.00762834e-11   1.71818546e-10   4.03506086e-10   9.10940991e-10
   1.98309507e-09   4.17426845e-09   8.51572633e-09   1.68719241e-08
   3.25239017e-08   6.11000807e-08   1.12024635e-07   2.00717592e-07
   3.51859907e-07   6.04130593e-07   1.01692943e-06   1.67971292e-06
   2.72468461e-06   4.34368238e-06   6.81017735e-06   1.05073235e-05
   1.59629493e-05   2.38922374e-05   3.52485732e-05   5.12826332e-05
   7.36092141e-05   1.04280573e-04   1.45864162e-04   2.01521614e-04
   2.75084757e-04   3.71123288e-04   4.94997730e-04   6.52890376e-04
   8.51806410e-04   1.09953717e-03   1.40457787e-03   1.77599322e-03
   2.22322567e-03   2.75584388e-03   3.38323148e-03   4.11422021e-03
   4.95667516e-03   5.91704431e-03   6.99988846e-03   8.20741149e-03
   9.53901389e-03   1.09908945e-02   1.25557263e-02   1.42224308e-02
   1.59760746e-02   1.77979057e-02   1.96655430e-02   2.15533259e-02
   2.34328212e-02   2.52734783e-02   2.70434136e-02   2.87102987e-02
   3.02423175e-02   3.16091553e-02   3.27829764e-02   3.37393482e-02
   3.44580691e-02   3.49238613e-02   3.51268979e-02   3.50631373e-02
   3.47344513e-02   3.41485405e-02   3.33186424e-02   3.22630470e-02
   3.10044443e-02   2.95691354e-02   2.79861435e-02   2.62862676e-02
   2.45011181e-02   2.26621774e-02   2.07999210e-02   1.89430327e-02
   1.71177389e-02   1.53472802e-02   1.36515314e-02   1.20467720e-02
   1.05456023e-02   9.15699486e-03   7.88646403e-03   6.73633446e-03
   5.70608546e-03   4.79274833e-03   3.99133350e-03   3.29526639e-03
   2.69681300e-03   2.18747962e-03   1.75837449e-03   1.40052287e-03
   1.10513048e-03   8.63793568e-04   6.68656650e-04   5.12521134e-04
   3.88909844e-04   2.92093512e-04   2.17085928e-04   1.59614526e-04
   1.16072945e-04   8.34615435e-05   5.93210765e-05   4.16638990e-05
   2.89061323e-05   1.98033688e-05   1.33916732e-05   8.93493908e-06
   5.87907387e-06   3.81302893e-06   2.43635386e-06   1.53272698e-06
   9.48781007e-07   5.77485666e-07   3.45349857e-07   2.02748056e-07
   1.16743629e-07   6.58637387e-08   3.63668249e-08   1.96274153e-08
   1.03396738e-08   5.30819226e-09   2.65094686e-09   1.28522386e-09
   6.03470418e-10   2.73681952e-10   1.19498122e-10   5.00447266e-11
   2.00110294e-11   7.59799779e-12   2.72069469e-12   9.10862948e-13
   2.81921858e-13   7.94551368e-14   1.99598202e-14   4.32842119e-15
   7.68810982e-16   1.01186581e-16   7.63746381e-18]
8 [  0.00000000e+00   0.00000000e+00   0.00000000e+00   0.00000000e+00
   0.00000000e+00   0.00000000e+00   0.00000000e+00   0.00000000e+00
   0.00000000e+00   0.00000000e+00   0.00000000e+00   0.00000000e+00
   0.00000000e+00   0.00000000e+00   0.00000000e+00   0.00000000e+00
   0.00000000e+00   0.00000000e+00   0.00000000e+00   0.00000000e+00
   0.00000000e+00   0.00000000e+00   0.00000000e+00   0.00000000e+00
   0.00000000e+00   0.00000000e+00   0.00000000e+00   0.00000000e+00
   0.00000000e+00   0.00000000e+00   0.00000000e+00   0.00000000e+00
   0.00000000e+00   0.00000000e+00   0.00000000e+00   0.00000000e+00
   4.82978750e-21   2.79339134e-19   8.00717162e-18   1.51661313e-16
   2.13519089e-15   2.38318795e-14   2.19650628e-13   1.71932142e-12
   1.16667468e-11   6.97127209e-11   3.71364376e-10   1.78131121e-09
   7.75701601e-09   3.08780890e-08   1.13016710e-07   3.82252477e-07
   1.19995353e-06   3.50946155e-06   9.59485962e-06   2.45954722e-05
   5.92717407e-05   1.34603127e-04   2.88678422e-04   5.85832176e-04
   1.12694385e-03   2.05827637e-03   3.57453253e-03   5.91067484e-03
   9.31745271e-03   1.40183390e-02   2.01508391e-02   2.77019050e-02
   3.64532838e-02   4.59552863e-02   5.55444263e-02   6.44111919e-02
   7.17108439e-02   7.66966896e-02   7.88465427e-02   7.79525897e-02
   7.41533417e-02   6.79012075e-02   5.98756132e-02   5.08642825e-02
   4.16406502e-02   3.28626011e-02   2.50087567e-02   1.83570150e-02
   1.29997361e-02   8.88344257e-03   5.85900082e-03   3.73020126e-03
   2.29281164e-03   1.36076492e-03   7.79862588e-04   4.31623970e-04
   2.30711077e-04   1.19102394e-04   5.93835643e-05   2.85957297e-05
   1.32987717e-05   5.97275035e-06   2.59034404e-06   1.08472376e-06
   4.38539039e-07   1.71144842e-07   6.44636463e-08   2.34304273e-08
   8.21614437e-09   2.77891786e-09   9.06335709e-10   2.84958966e-10
   8.63410235e-11   2.52024366e-11   7.08424504e-12   1.91686360e-12
   4.99046635e-13   1.24949036e-13   3.00703816e-14   6.95205591e-15
   1.54308632e-15   3.28611703e-16   6.70937430e-17   1.31235948e-17
   2.45716392e-18   4.39982462e-19   7.52720630e-20   1.22905553e-20
   1.91316094e-21   2.83552678e-22   3.99604306e-23   5.34686127e-24
   6.78168842e-25   8.13910164e-26   9.22500946e-27   9.85308247e-28
   9.89357825e-29   9.31436111e-30   8.19737540e-31   6.72138109e-32
   5.11503590e-33   3.59711444e-34   2.32592841e-35   1.37479920e-36
   7.37730136e-38   3.56456988e-39   1.53547477e-40   5.82435451e-42
   1.91523025e-43   5.34865582e-45   1.23344810e-46   2.25505323e-48
   3.06449515e-50   2.75175268e-52   1.22462594e-54]
9 [  4.37919177e-19   7.31840305e-18   6.73157499e-17   4.46750443e-16
   2.38067073e-15   1.07808735e-14   4.29598240e-14   1.54203269e-13
   5.07001142e-13   1.54606985e-12   4.41508375e-12   1.18975122e-11
   3.04416395e-11   7.43344473e-11   1.73970796e-10   3.91649784e-10
   8.50747788e-10   1.78792556e-09   3.64383873e-09   7.21642602e-09
   1.39132170e-08   2.61563612e-08   4.80174736e-08   8.61901673e-08
   1.51447405e-07   2.60779309e-07   4.40464900e-07   7.30397615e-07
   1.19005708e-06   1.90659477e-06   3.00557281e-06   4.66495540e-06
   7.13299041e-06   1.07506226e-05   1.59790349e-05   2.34328063e-05
   3.39189882e-05   4.84821251e-05   6.84548684e-05   9.55133556e-05
   1.31735949e-04   1.79663272e-04   2.42356766e-04   3.23452247e-04
   4.27204253e-04   5.58516328e-04   7.22951962e-04   9.26720632e-04
   1.17663349e-03   1.48002360e-03   1.84462658e-03   2.27841859e-03
   2.78941042e-03   3.38539855e-03   4.07367645e-03   4.86071200e-03
   5.75179983e-03   6.75070008e-03   7.85927745e-03   9.07715654e-03
   1.04014109e-02   1.18263041e-02   1.33430995e-02   1.49399572e-02
   1.66019297e-02   1.83110691e-02   2.00466503e-02   2.17855134e-02
   2.35025195e-02   2.51711104e-02   2.67639575e-02   2.82536776e-02
   2.96135917e-02   3.08184977e-02   3.18454272e-02   3.26743542e-02
   3.32888278e-02   3.36765003e-02   3.38295280e-02   3.37448269e-02
   3.34241733e-02   3.28741423e-02   3.21058900e-02   3.11347870e-02
   2.99799208e-02   2.86634884e-02   2.72101055e-02   2.56460623e-02
   2.39985545e-02   2.22949228e-02   2.05619265e-02   1.88250802e-02
   1.71080720e-02   1.54322830e-02   1.38164162e-02   1.22762437e-02
   1.08244684e-02   9.47069892e-03   8.22152532e-03   7.08068424e-03
   6.04929715e-03   5.12616479e-03   4.30809987e-03   3.59028087e-03
   2.96661061e-03   2.43006543e-03   1.97302282e-03   1.58755827e-03
   1.26570453e-03   9.99669274e-04   7.82009764e-04   6.05764828e-04
   4.64546801e-04   3.52597031e-04   2.64809712e-04   1.96729277e-04
   1.44526775e-04   1.04960536e-04   7.53260472e-05   5.33994041e-05
   3.73780689e-05   2.58219264e-05   1.75969417e-05   1.18230469e-05
   7.82728974e-06   5.10276977e-06   3.27347915e-06   2.06485170e-06
   1.27960665e-06   7.78334297e-07   4.64201726e-07   2.71140906e-07
   1.54905579e-07   8.64345263e-08   4.70256846e-08   2.48993693e-08
   1.28026908e-08   6.37642183e-09   3.06712230e-09   1.41984831e-09
   6.29917978e-10   2.66460619e-10   1.06789707e-10   4.02228530e-11
   1.40896863e-11   4.52542304e-12   1.30633801e-12   3.28871992e-13
   6.87179458e-14   1.08376097e-14   1.01292448e-15]
9 [  0.00000000e+00   0.00000000e+00   0.00000000e+00   0.00000000e+00
   0.00000000e+00   0.00000000e+00   0.00000000e+00   0.00000000e+00
   0.00000000e+00   0.00000000e+00   0.00000000e+00   0.00000000e+00
   0.00000000e+00   0.00000000e+00   0.00000000e+00   0.00000000e+00
   0.00000000e+00   0.00000000e+00   0.00000000e+00   0.00000000e+00
   0.00000000e+00   0.00000000e+00   0.00000000e+00   0.00000000e+00
   0.00000000e+00   0.00000000e+00   0.00000000e+00   0.00000000e+00
   0.00000000e+00   0.00000000e+00   0.00000000e+00   0.00000000e+00
   0.00000000e+00   0.00000000e+00   0.00000000e+00   0.00000000e+00
   1.39450163e-23   9.32653461e-22   3.09147104e-20   6.77108676e-19
   1.10234565e-17   1.42277722e-16   1.51638186e-15   1.37255806e-14
   1.07701299e-13   7.44184683e-13   4.58423058e-12   2.54274926e-11
   1.28043030e-10   5.89398724e-10   2.49458874e-09   9.75672642e-09
   3.54173259e-08   1.19781391e-07   3.78691021e-07   1.12253287e-06
   3.12816107e-06   8.21474513e-06   2.03728032e-05   4.78087303e-05
   1.06349093e-04   2.24611877e-04   4.51071933e-04   8.62504046e-04
   1.57223982e-03   2.73536744e-03   4.54684105e-03   7.22809401e-03
   1.09988767e-02   1.60341032e-02   2.24102760e-02   3.00514601e-02
   3.86889191e-02   4.78493346e-02   5.68826027e-02   6.50316650e-02
   7.15356576e-02   7.57472491e-02   7.72390393e-02   7.58747604e-02
   7.18289360e-02   6.55513119e-02   5.76858207e-02   4.89639627e-02
   4.00965081e-02   3.16847902e-02   2.41652124e-02   1.77908559e-02
   1.26453390e-02   8.67846119e-03   5.75142193e-03   3.68095254e-03
   2.27520551e-03   1.35822024e-03   7.83093264e-04   4.36059680e-04
   2.34505914e-04   1.21790707e-04   6.10793999e-05   2.95769906e-05
   1.38274028e-05   6.24013076e-06   2.71795501e-06   1.14236563e-06
   4.63223411e-07   1.81173915e-07   6.83292370e-08   2.48426161e-08
   8.70421711e-09   2.93800529e-09   9.54995091e-10   2.98810804e-10
   8.99588176e-11   2.60455203e-11   7.24830714e-12   1.93779765e-12
   4.97373808e-13   1.22482273e-13   2.89180999e-14   6.54090842e-15
   1.41617494e-15   2.93234903e-16   5.80111717e-17   1.09533469e-17
   1.97162522e-18   3.37912404e-19   5.50678425e-20   8.52048546e-21
   1.24968563e-21   1.73435077e-22   2.27313279e-23   2.80755082e-24
   3.25991609e-25   3.54898057e-26   3.61179336e-27   3.42455473e-28
   3.01364297e-29   2.45072674e-30   1.83245998e-31   1.25249196e-32
   7.77196296e-34   4.34248025e-35   2.16307174e-36   9.48797566e-38
   3.60781512e-39   1.16510605e-40   3.10698533e-42   6.56859740e-44
   1.03222008e-45   1.07181612e-47   5.51584257e-50]
10 [  1.99075865e-19   3.29692486e-18   3.00909532e-17   1.98349696e-16
   1.05066880e-15   4.73293840e-15   1.87729059e-14   6.71143769e-14
   2.19901875e-13   6.68620575e-13   1.90477118e-12   5.12303853e-12
   1.30892436e-11   3.19310542e-11   7.46917521e-11   1.68135524e-10
   3.65355797e-10   7.68427823e-10   1.56795337e-09   3.11025275e-09
   6.00865628e-09   1.13234299e-08   2.08460352e-08   3.75384395e-08
   6.61978516e-08   1.14442287e-07   1.94143340e-07   3.23469681e-07
   5.29747888e-07   8.53395258e-07   1.35323045e-06   2.11351911e-06
   3.25315894e-06   4.93744604e-06   7.39288554e-06   1.09255052e-05
   1.59430928e-05   2.29816976e-05   3.27366014e-05   4.60977707e-05
   6.41895442e-05   8.84139785e-05   1.20496885e-04   1.62535139e-04
   2.17043357e-04   2.86997519e-04   3.75872607e-04   4.87670909e-04
   6.26937209e-04   7.98756913e-04   1.00873305e-03   1.26293827e-03
   1.56783839e-03   1.93018467e-03   2.35687313e-03   2.85477032e-03
   3.43050668e-03   4.09024021e-03   4.83939531e-03   5.68238330e-03
   6.62231342e-03   7.66070449e-03   8.79720913e-03   1.00293633e-02
   1.13523748e-02   1.27589630e-02   1.42392640e-02   1.57808100e-02
   1.73685928e-02   1.89852174e-02   2.06111468e-02   2.22250376e-02
   2.38041604e-02   2.53248946e-02   2.67632856e-02   2.80956452e-02
   2.92991763e-02   3.03525997e-02   3.12367595e-02   3.19351838e-02
   3.24345786e-02   3.27252354e-02   3.28013340e-02   3.26611301e-02
   3.23070171e-02   3.17454617e-02   3.09868130e-02   3.00449949e-02
   2.89370929e-02   2.76828525e-02   2.63041093e-02   2.48241724e-02
   2.32671858e-02   2.16574910e-02   2.00190140e-02   1.83746970e-02
   1.67459935e-02   1.51524415e-02   1.36113235e-02   1.21374214e-02
   1.07428677e-02   9.43708896e-03   8.22683855e-03   7.11630666e-03
   6.10729812e-03   5.19946376e-03   4.39057151e-03   3.67680291e-03
   3.05306123e-03   2.51327855e-03   2.05071072e-03   1.65821103e-03
   1.32847550e-03   1.05425498e-03   8.28531159e-04   6.44655800e-04
   4.96453938e-04   3.78293393e-04   2.85123920e-04   2.12490073e-04
   1.56522288e-04   1.13910788e-04   8.18668009e-05   5.80752473e-05
   4.06425902e-05   2.80429656e-05   1.90651213e-05   1.27620804e-05
   8.40487683e-06   5.44120176e-06   3.45936130e-06   2.15759721e-06
   1.31855274e-06   7.88479129e-07   4.60662031e-07   2.62490421e-07
   1.45582080e-07   7.84060747e-08   4.08928940e-08   2.05868813e-08
   9.96511672e-09   4.61589247e-09   2.03396003e-09   8.46216896e-10
   3.29168303e-10   1.18141151e-10   3.83973131e-11   1.09867081e-11
   2.64197955e-12   4.88057922e-13   5.53613251e-14]
10 [  0.00000000e+00   0.00000000e+00   0.00000000e+00   0.00000000e+00
   0.00000000e+00   0.00000000e+00   0.00000000e+00   0.00000000e+00
   0.00000000e+00   0.00000000e+00   0.00000000e+00   0.00000000e+00
   0.00000000e+00   0.00000000e+00   0.00000000e+00   0.00000000e+00
   0.00000000e+00   0.00000000e+00   0.00000000e+00   0.00000000e+00
   0.00000000e+00   0.00000000e+00   0.00000000e+00   0.00000000e+00
   0.00000000e+00   0.00000000e+00   0.00000000e+00   0.00000000e+00
   0.00000000e+00   0.00000000e+00   0.00000000e+00   0.00000000e+00
   0.00000000e+00   0.00000000e+00   0.00000000e+00   0.00000000e+00
   4.02633614e-26   3.07615354e-24   1.16479524e-22   2.91433507e-21
   5.41995397e-20   7.99118910e-19   9.72925943e-18   1.00600150e-16
   9.01748747e-16   7.11773856e-15   5.00869354e-14   3.17364425e-13
   1.82560724e-12   9.59969198e-12   4.64134407e-11   2.07369860e-10
   8.59911932e-10   3.32218840e-09   1.19982143e-08   4.06281808e-08
   1.29334419e-07   3.87985774e-07   1.09918096e-06   2.94660770e-06
   7.48765108e-06   1.80651357e-05   4.14429837e-05   9.05238573e-05
   1.88502625e-04   3.74637273e-04   7.11380216e-04   1.29185123e-03
   2.24560697e-03   3.73961409e-03   5.97071056e-03   9.14620834e-03
   1.34511312e-02   1.90039910e-02   2.58074487e-02   3.37044456e-02
   4.23527474e-02   5.12297905e-02   5.96745672e-02   6.69647802e-02
   7.24177869e-02   7.54959933e-02   7.58941482e-02   7.35889277e-02
   6.88397316e-02   6.21412740e-02   5.41397983e-02   4.55322970e-02
   3.69700378e-02   2.89840348e-02   2.19425980e-02   1.60424146e-02
   1.13273117e-02   7.72454872e-03   5.08760174e-03   3.23625140e-03
   1.98813934e-03   1.17951610e-03   6.75742418e-04   3.73798113e-04
   1.99627531e-04   1.02912994e-04   5.12053671e-05   2.45852737e-05
   1.13882534e-05   5.08813928e-06   2.19213145e-06   9.10445702e-07
   3.64404002e-07   1.40508532e-07   5.21732586e-08   1.86483246e-08
   6.41333554e-09   2.12114307e-09   6.74326477e-10   2.05939072e-10
   6.03823397e-11   1.69862286e-11   4.58131527e-12   1.18373692e-12
   2.92772803e-13   6.92510222e-14   1.56501629e-14   3.37559839e-15
   6.94104711e-16   1.35894369e-16   2.52983438e-17   4.47151887e-18
   7.49183502e-19   1.18773913e-19   1.77830249e-20   2.50902596e-21
   3.32797957e-22   4.13880105e-23   4.81161118e-24   5.21156840e-25
   5.23905345e-26   4.86690221e-27   4.15708524e-28   3.24583231e-29
   2.30079833e-30   1.46852851e-31   8.35626408e-33   4.18708227e-34
   1.81877471e-35   6.70960245e-37   2.04393573e-38   4.93625262e-40
   8.86122447e-42   1.05108641e-43   6.17912096e-46]