0.0000 0.0000 0.047619047619 294.0
0.0000 0.0010 0.11186440678 295.0
0.0000 0.0020 0.047138047138 297.0
0.0000 0.0030 0.00403225806452 248.0
0.0000 0.0040 0.0 250.0
0.0000 0.0050 0.0 250.0
0.0000 0.0060 0.0 250.0
0.0000 0.0070 0.0 250.0
0.0000 0.0080 0.0 250.0
0.0000 0.0090 0.0 250.0
0.0000 0.0100 0.0 250.0
0.0010 0.0000 0.144827586207 290.0
0.0010 0.0010 0.314878892734 289.0
0.0010 0.0020 0.180887372014 293.0
0.0010 0.0030 0.0909090909091 242.0
0.0010 0.0040 0.0 249.0
0.0010 0.0050 0.004 250.0
0.0010 0.0060 0.0 250.0
0.0010 0.0070 0.0 250.0
0.0010 0.0080 0.0 250.0
0.0010 0.0090 0.0 250.0
0.0010 0.0100 0.0 250.0
0.0020 0.0000 0.346153846154 234.0
0.0020 0.0010 0.448717948718 234.0
0.0020 0.0020 0.405982905983 234.0
0.0020 0.0030 0.205761316872 243.0
0.0020 0.0040 0.0452674897119 243.0
0.0020 0.0050 0.0121457489879 247.0
0.0020 0.0060 0.0 250.0
0.0020 0.0070 0.0 250.0
0.0020 0.0080 0.0 250.0
0.0020 0.0090 0.0 250.0
0.0020 0.0100 0.0 250.0
0.0030 0.0000 0.521367521368 234.0
0.0030 0.0010 0.590909090909 220.0
0.0030 0.0020 0.550218340611 229.0
0.0030 0.0030 0.402542372881 236.0
0.0030 0.0040 0.208510638298 235.0
0.0030 0.0050 0.0452674897119 243.0
0.0030 0.0060 0.020325203252 246.0
0.0030 0.0070 0.0 249.0
0.0030 0.0080 0.004 250.0
0.0030 0.0090 0.0 250.0
0.0030 0.0100 0.0 250.0
0.0040 0.0000 0.697247706422 218.0
0.0040 0.0010 0.665178571429 224.0
0.0040 0.0020 0.656652360515 233.0
0.0040 0.0030 0.532467532468 231.0
0.0040 0.0040 0.39224137931 232.0
0.0040 0.0050 0.193277310924 238.0
0.0040 0.0060 0.0658436213992 243.0
0.0040 0.0070 0.0122448979592 245.0
0.0040 0.0080 0.00816326530612 245.0
0.0040 0.0090 0.00404858299595 247.0
0.0040 0.0100 0.0 249.0
0.0050 0.0000 0.720183486239 218.0
0.0050 0.0010 0.739726027397 219.0
0.0050 0.0020 0.636363636364 209.0
0.0050 0.0030 0.62443438914 221.0
0.0050 0.0040 0.504424778761 226.0
0.0050 0.0050 0.352422907489 227.0
0.0050 0.0060 0.191489361702 235.0
0.0050 0.0070 0.106382978723 235.0
0.0050 0.0080 0.0212765957447 235.0
0.0050 0.0090 0.0204918032787 244.0
0.0050 0.0100 0.0122448979592 245.0
0.0060 0.0000 0.781990521327 211.0
0.0060 0.0010 0.766666666667 210.0
0.0060 0.0020 0.734597156398 211.0
0.0060 0.0030 0.687804878049 205.0
0.0060 0.0040 0.598086124402 209.0
0.0060 0.0050 0.524038461538 208.0
0.0060 0.0060 0.43842364532 203.0
0.0060 0.0070 0.261306532663 199.0
0.0060 0.0080 0.115 200.0
0.0060 0.0090 0.075 200.0
0.0060 0.0100 0.03 200.0
0.0070 0.0000 0.884422110553 199.0
0.0070 0.0010 0.89 200.0
0.0070 0.0020 0.845 200.0
0.0070 0.0030 0.815 200.0
0.0070 0.0040 0.745 200.0
0.0070 0.0050 0.63 200.0
0.0070 0.0060 0.56783919598 199.0
0.0070 0.0070 0.385 200.0
0.0070 0.0080 0.246231155779 199.0
0.0070 0.0090 0.125 200.0
0.0070 0.0100 0.075 200.0
0.0080 0.0000 0.905 200.0
0.0080 0.0010 0.9 200.0
0.0080 0.0020 0.85 200.0
0.0080 0.0030 0.835 200.0
0.0080 0.0040 0.79 200.0
0.0080 0.0050 0.643216080402 199.0
0.0080 0.0060 0.6 200.0
0.0080 0.0070 0.445 200.0
0.0080 0.0080 0.380710659898 197.0
0.0080 0.0090 0.195 200.0
0.0080 0.0100 0.18 200.0
0.0090 0.0000 0.929648241206 199.0
0.0090 0.0010 0.95 200.0
0.0090 0.0020 0.925 200.0
0.0090 0.0030 0.885 200.0
0.0090 0.0040 0.79 200.0
0.0090 0.0050 0.815 200.0
0.0090 0.0060 0.63 200.0
0.0090 0.0070 0.63 200.0
0.0090 0.0080 0.489898989899 198.0
0.0090 0.0090 0.391959798995 199.0
0.0090 0.0100 0.265 200.0
0.0100 0.0000 0.939698492462 199.0
0.0100 0.0010 0.91 200.0
0.0100 0.0020 0.94472361809 199.0
0.0100 0.0030 0.885 200.0
0.0100 0.0040 0.84 200.0
0.0100 0.0050 0.75 200.0
0.0100 0.0060 0.69 200.0
0.0100 0.0070 0.645 200.0
0.0100 0.0080 0.595 200.0
0.0100 0.0090 0.485 200.0
0.0100 0.0100 0.424242424242 198.0