0.0000 0.0000 0.0492845786963 629.0
0.0000 0.0010 0.0495726495726 585.0
0.0000 0.0020 0.0 542.0
0.0000 0.0030 0.0 550.0
0.0000 0.0040 0.0 549.0
0.0000 0.0050 0.0 549.0
0.0000 0.0060 0.0 300.0
0.0000 0.0070 0.0 250.0
0.0000 0.0080 0.0 250.0
0.0000 0.0090 0.0 150.0
0.0000 0.0100 0.0 150.0
0.0010 0.0000 0.246478873239 284.0
0.0010 0.0010 0.207815275311 563.0
0.0010 0.0020 0.0534069981584 543.0
0.0010 0.0030 0.00363636363636 550.0
0.0010 0.0040 0.0 549.0
0.0010 0.0050 0.0 546.0
0.0010 0.0060 0.0 300.0
0.0010 0.0070 0.0 250.0
0.0010 0.0080 0.0 250.0
0.0010 0.0090 0.0 150.0
0.0010 0.0100 0.0 150.0
0.0020 0.0000 0.441176470588 272.0
0.0020 0.0010 0.455399061033 213.0
0.0020 0.0020 0.248608534323 539.0
0.0020 0.0030 0.049815498155 542.0
0.0020 0.0040 0.00912408759124 548.0
0.0020 0.0050 0.0 544.0
0.0020 0.0060 0.0 300.0
0.0020 0.0070 0.0 250.0
0.0020 0.0080 0.0 250.0
0.0020 0.0090 0.0 150.0
0.0020 0.0100 0.0 150.0
0.0030 0.0000 0.648648648649 259.0
0.0030 0.0010 0.63 200.0
0.0030 0.0020 0.525 200.0
0.0030 0.0030 0.215759849906 533.0
0.0030 0.0040 0.0371057513915 539.0
0.0030 0.0050 0.0 534.0
0.0030 0.0060 0.0 299.0
0.0030 0.0070 0.0 250.0
0.0030 0.0080 0.0 250.0
0.0030 0.0090 0.0 150.0
0.0030 0.0100 0.0 150.0
0.0040 0.0000 0.766129032258 248.0
0.0040 0.0010 0.755 200.0
0.0040 0.0020 0.63 200.0
0.0040 0.0030 0.495 200.0
0.0040 0.0040 0.217803030303 528.0
0.0040 0.0050 0.0233918128655 513.0
0.0040 0.0060 0.0 295.0
0.0040 0.0070 0.004 250.0
0.0040 0.0080 0.0 250.0
0.0040 0.0090 0.0 150.0
0.0040 0.0100 0.0 150.0
0.0050 0.0000 0.835341365462 249.0
0.0050 0.0010 0.785 200.0
0.0050 0.0020 0.755 200.0
0.0050 0.0030 0.61 200.0
0.0050 0.0040 0.40404040404 198.0
0.0050 0.0050 0.151394422311 502.0
0.0050 0.0060 0.0271186440678 295.0
0.0050 0.0070 0.004 250.0
0.0050 0.0080 0.0 250.0
0.0050 0.0090 0.0 150.0
0.0050 0.0100 0.0 150.0
0.0060 0.0000 0.916 250.0
0.0060 0.0010 0.885 200.0
0.0060 0.0020 0.785 200.0
0.0060 0.0030 0.76 200.0
0.0060 0.0040 0.63 200.0
0.0060 0.0050 0.307291666667 192.0
0.0060 0.0060 0.103448275862 290.0
0.0060 0.0070 0.016 250.0
0.0060 0.0080 0.004 250.0
0.0060 0.0090 0.0 150.0
0.0060 0.0100 0.0 150.0
0.0070 0.0000 0.904 250.0
0.0070 0.0010 0.895 200.0
0.0070 0.0020 0.875 200.0
0.0070 0.0030 0.785 200.0
0.0070 0.0040 0.69 200.0
0.0070 0.0050 0.481865284974 193.0
0.0070 0.0060 0.241573033708 178.0
0.0070 0.0070 0.116 250.0
0.0070 0.0080 0.016 250.0
0.0070 0.0090 0.0266666666667 150.0
0.0070 0.0100 0.0 150.0
0.0080 0.0000 0.939516129032 248.0
0.0080 0.0010 0.935 200.0
0.0080 0.0020 0.915 200.0
0.0080 0.0030 0.785 200.0
0.0080 0.0040 0.735 200.0
0.0080 0.0050 0.631313131313 198.0
0.0080 0.0060 0.513333333333 150.0
0.0080 0.0070 0.26 150.0
0.0080 0.0080 0.096 250.0
0.0080 0.0090 0.00666666666667 150.0
0.0080 0.0100 0.0 150.0
0.0090 0.0000 0.967346938776 245.0
0.0090 0.0010 0.925 200.0
0.0090 0.0020 0.94 200.0
0.0090 0.0030 0.845 200.0
0.0090 0.0040 0.79 200.0
0.0090 0.0050 0.675126903553 197.0
0.0090 0.0060 0.546666666667 150.0
0.0090 0.0070 0.466666666667 150.0
0.0090 0.0080 0.173333333333 150.0
0.0090 0.0090 0.0866666666667 150.0
0.0090 0.0100 0.02 150.0
0.0100 0.0000 0.965957446809 235.0
0.0100 0.0010 0.95 200.0
0.0100 0.0020 0.95 200.0
0.0100 0.0030 0.885 200.0
0.0100 0.0040 0.775 200.0
0.0100 0.0050 0.782828282828 198.0
0.0100 0.0060 0.66 150.0
0.0100 0.0070 0.606666666667 150.0
0.0100 0.0080 0.34 150.0
0.0100 0.0090 0.2 150.0
0.0100 0.0100 0.0333333333333 150.0