0.0000 0.0000 0.0371621621622 296.0
0.0000 0.0010 0.0404858299595 247.0
0.0000 0.0020 0.0 247.0
0.0000 0.0030 0.0 155.0
0.0000 0.0040 0.0 150.0
0.0000 0.0050 0.0 150.0
0.0000 0.0060 0.0 150.0
0.0000 0.0070 0.0 150.0
0.0000 0.0080 0.0 150.0
0.0000 0.0090 0.0 150.0
0.0000 0.0100 0.0 150.0
0.0010 0.0000 0.158844765343 277.0
0.0010 0.0010 0.232365145228 241.0
0.0010 0.0020 0.0252100840336 238.0
0.0010 0.0030 0.00666666666667 150.0
0.0010 0.0040 0.0 150.0
0.0010 0.0050 0.0 150.0
0.0010 0.0060 0.0 149.0
0.0010 0.0070 0.0 150.0
0.0010 0.0080 0.0 150.0
0.0010 0.0090 0.0 150.0
0.0010 0.0100 0.0 150.0
0.0020 0.0000 0.468634686347 271.0
0.0020 0.0010 0.430379746835 237.0
0.0020 0.0020 0.186363636364 220.0
0.0020 0.0030 0.0333333333333 150.0
0.0020 0.0040 0.0 150.0
0.0020 0.0050 0.0 150.0
0.0020 0.0060 0.0 150.0
0.0020 0.0070 0.0 150.0
0.0020 0.0080 0.0 150.0
0.0020 0.0090 0.0 150.0
0.0020 0.0100 0.0 150.0
0.0030 0.0000 0.681274900398 251.0
0.0030 0.0010 0.612244897959 245.0
0.0030 0.0020 0.452736318408 201.0
0.0030 0.0030 0.273333333333 150.0
0.0030 0.0040 0.0533333333333 150.0
0.0030 0.0050 0.02 150.0
0.0030 0.0060 0.0 150.0
0.0030 0.0070 0.0 150.0
0.0030 0.0080 0.0 150.0
0.0030 0.0090 0.0 150.0
0.0030 0.0100 0.0 150.0
0.0040 0.0000 0.784 250.0
0.0040 0.0010 0.743902439024 246.0
0.0040 0.0020 0.526829268293 205.0
0.0040 0.0030 0.486666666667 150.0
0.0040 0.0040 0.286666666667 150.0
0.0040 0.0050 0.04 150.0
0.0040 0.0060 0.00666666666667 150.0
0.0040 0.0070 0.0 150.0
0.0040 0.0080 0.0 150.0
0.0040 0.0090 0.0 150.0
0.0040 0.0100 0.0 150.0
0.0050 0.0000 0.82 250.0
0.0050 0.0010 0.79435483871 248.0
0.0050 0.0020 0.659898477157 197.0
0.0050 0.0030 0.666666666667 150.0
0.0050 0.0040 0.46 150.0
0.0050 0.0050 0.193333333333 150.0
0.0050 0.0060 0.06 150.0
0.0050 0.0070 0.0133333333333 150.0
0.0050 0.0080 0.00666666666667 150.0
0.0050 0.0090 0.0 150.0
0.0050 0.0100 0.0 150.0
0.0060 0.0000 0.86 250.0
0.0060 0.0010 0.846153846154 247.0
0.0060 0.0020 0.79802955665 203.0
0.0060 0.0030 0.766666666667 150.0
0.0060 0.0040 0.613333333333 150.0
0.0060 0.0050 0.385135135135 148.0
0.0060 0.0060 0.153333333333 150.0
0.0060 0.0070 0.0266666666667 150.0
0.0060 0.0080 0.02 150.0
0.0060 0.0090 0.0 150.0
0.0060 0.0100 0.0 150.0
0.0070 0.0000 0.952 250.0
0.0070 0.0010 0.902834008097 247.0
0.0070 0.0020 0.756218905473 201.0
0.0070 0.0030 0.733333333333 150.0
0.0070 0.0040 0.601351351351 148.0
0.0070 0.0050 0.563758389262 149.0
0.0070 0.0060 0.333333333333 150.0
0.0070 0.0070 0.12 150.0
0.0070 0.0080 0.02 150.0
0.0070 0.0090 0.02 150.0
0.0070 0.0100 0.0 150.0
0.0080 0.0000 0.92 250.0
0.0080 0.0010 0.942857142857 245.0
0.0080 0.0020 0.809782608696 184.0
0.0080 0.0030 0.8 150.0
0.0080 0.0040 0.72 150.0
0.0080 0.0050 0.646666666667 150.0
0.0080 0.0060 0.493333333333 150.0
0.0080 0.0070 0.266666666667 150.0
0.0080 0.0080 0.1 150.0
0.0080 0.0090 0.0466666666667 150.0
0.0080 0.0100 0.0133333333333 150.0
0.0090 0.0000 0.964 250.0
0.0090 0.0010 0.951807228916 249.0
0.0090 0.0020 0.89156626506 166.0
0.0090 0.0030 0.78 150.0
0.0090 0.0040 0.845637583893 149.0
0.0090 0.0050 0.684563758389 149.0
0.0090 0.0060 0.553333333333 150.0
0.0090 0.0070 0.413333333333 150.0
0.0090 0.0080 0.166666666667 150.0
0.0090 0.0090 0.106666666667 150.0
0.0090 0.0100 0.00666666666667 150.0
0.0100 0.0000 0.972 250.0
0.0100 0.0010 0.951417004049 247.0
0.0100 0.0020 0.897435897436 156.0
0.0100 0.0030 0.886666666667 150.0
0.0100 0.0040 0.838926174497 149.0
0.0100 0.0050 0.778523489933 149.0
0.0100 0.0060 0.653333333333 150.0
0.0100 0.0070 0.493333333333 150.0
0.0100 0.0080 0.286666666667 150.0
0.0100 0.0090 0.173333333333 150.0
0.0100 0.0100 0.0333333333333 150.0
