# 0 tissues
0 0.1 989.0
1 0.0497422680 849.0
2 0.0280927835 899.0
3 0.0149484536 906.0
4 0.00489690722 1099.0
5 0.00335051546 965.0
6 0.00025773195 915.0
7 0.00128865979 921.0
8 0.00054546313 922.0
9 0.00031444991 662.0
10 0.0002174639 1002.0

# 4 tissues
0 0.1 969.0
1 0.0311855670 1295.0
2 0.0234536082 1543.0
3 0.0644329897 1699.0
4 0.113144330 1120.0
5 0.175773196 1165.0
6 0.191237113 1002.0
7 0.180412371 1020.0
8 0.138659794 1040.0
9 0.0713917526 1030.0
10 0.00257731959 1500.0

# 8 tissues
0 0.1 5000.0
1 0.0172680412 980.0
2 0.0118556701 1000.0
3 0.0342783505 4500.0
4 0.149484536 500.0
5 0.248453608 1250.0
6 0.359020619 560.0
7 0.407731959 564.0
8 0.353608247 650.0 
9 0.242268041 559.0
10 0.0721649485 945.