# Cell_divisions p_fix N_t
# 0 tissues
3 0.315860215054 744.0
4 0.30303030303 858.0
5 0.259893048128 935.0
6 0.208814270724 953.0
7 0.146088595664 1061.0
8 0.0763888888889 1152.0
9 0.0480928689884 1206.0
10 0.05 10000

# 4 tissues
3 0.21021021021 666.0
4 0.258536585366 820.0
5 0.252232142857 896.0
6 0.212792127921 813.0
7 0.141683778234 974.0
8 0.0839768339768 1036.0
9 0.0615243342516 1089.0
10 0.05 10000

# 8 tissues
3 0.085396039604 808.0
4 0.159027128157 1069.0
5 0.19516263553 1199.0
6 0.180463576159 1208.0
7 0.145584725537 1257.0
8 0.107115531752 1307.0
9 0.0716981132075 1325.0
10 0.05 10000