#xi=2.0
0.0010 0.0 399.0
0.0020 0.00503778337531 397.0
0.0030 0.0127226463104 393.0
0.0040 0.0338983050847 354.0
0.0050 0.152199762188 841.0
0.0060 0.328571428571 840.0
0.0070 0.521288837745 869.0
0.0080 0.595419847328 917.0
0.0090 0.718191377497 951.0
0.0100 0.745098039216 969.0

#xi=1.0
0.0010 0.0 400.0
0.0020 0.0 400.0
0.0030 0.0 400.0
0.0040 0.00510204081633 392.0
0.0050 0.0498640072529 1103.0
0.0060 0.130968622101 733.0
0.0070 0.365243004418 679.0
0.0080 0.516348773842 734.0
0.0090 0.624633431085 682.0
0.0100 0.709621993127 582.0

#xi=0.5
0.0010 0.0 200.0
0.0020 0.0 200.0
0.0030 0.0 200.0
0.0040 0.0 200.0
0.0050 0.0154241645244 1167.0
0.0060 0.0927092709271 1111.0
0.0070 0.26767200754 1061.0
0.0080 0.458293384468 1043.0
0.0090 0.569550930997 913.0
0.0100 0.686796315251 977.0