#s=1.0
0.0010 0.0 399.0
0.0020 0.00503778337531 397.0
0.0030 0.0127226463104 393.0
0.0040 0.0338983050847 354.0
0.0050 0.152199762188 841.0
0.0060 0.328571428571 840.0
0.0070 0.521288837745 869.0
0.0080 0.595419847328 917.0
0.0090 0.718191377497 951.0
0.0100 0.745098039216 969.0

#s=0.6
0.0010 0.00777202072539 386.0
0.0020 0.0129198966408 387.0
0.0030 0.0054347826087 368.0
0.0040 0.0453257790368 353.0
0.0050 0.0752895752896 1036.0
0.0060 0.0884955752212 1017.0
0.0070 0.114256825076 989.0
0.0080 0.162601626016 984.0
0.0090 0.155712841254 989.0
0.0100 0.0983796296296 864.0

#s=0.8
0.0010 0.0 398.0
0.0020 0.00259067357513 386.0
0.0030 0.0132275132275 378.0
0.0040 0.0596590909091 352.0
0.0050 0.112960760999 841.0
0.0060 0.188946015424 778.0
0.0070 0.340269277846 817.0
0.0080 0.483516483516 819.0
0.0090 0.553642384106 755.0
0.0100 0.641119221411 822.0