#muB=1
0.000010 0.0478292862399 1359.0
0.000020 0.0611384399157 1423.0
0.000030 0.0672913117547 1174.0
0.000040 0.080383480826 1356.0
0.000050 0.0963070238957 1381.0
0.000060 0.112806901128 1507.0
0.000070 0.125934445083 1739.0
0.000080 0.145102040816 1568.0
0.000090 0.179081632653 1960.0
0.000100 0.19949706622 1193.0

#muB=5
0.000010 0.0273556231003 987.0
0.000020 0.030487804878 984.0
0.000030 0.0393900889454 787.0
0.000040 0.0517578125 1024.0
0.000050 0.054579093432 1081.0
0.000060 0.0665954415954 2808.0
0.000070 0.0745762711864 1180.0
0.000080 0.096 1000.0
0.000090 0.107597998332 2398.0
0.000100 0.117210682493 2022.0

#muB=10
0.000010 0.0117107942974 1964.0
0.000020 0.0155 2000.0
0.000030 0.013 2000.0
0.000040 0.01925 4000.0
0.000050 0.021778584392 1653.0
0.000060 0.0236966824645 1688.0
0.000070 0.0342815463166 2742.0
0.000080 0.044 2000.0
0.000090 0.051256281407 1990.0
0.000100 0.0575 2000.0