# muS=0.001
1 0.41252609603340296 495
2 0.11691022964509401 489
3 0.006680584551148283 495
4 0.001592509925029135 450
5 0.001670146137787043 494
6 0.001629549290195015 469
7 0.001605918452259195 455
8 0.00052181156191855 498
9 0.00013923451555911 481 
10 0.00011929510951554 456

# mus=005
1 0.793319415448852 452
2 0.6296450939457204 401 
3 0.3039665970772444 555
4 0.04342379958246356 596
5 0.001948245905115 496
6 0.0 805
7 0.0 870
8 0.0 865
9 0.0 905
10 0.0 853

# muS=0.010
1 0.9002087682672235 340
2 0.8467640918580377 340
3 0.6096033402922757 360
4 0.26054279749478093 351
5 0.055114822546972975 345
6 0.003340292275574086 430
7 0.0018396883015553 495
8 0.001859235820056 458
9 0.0 670
10 0.0 656
